640
103
326
617
115
593
255
586
492
169
461
442
427
370
379
483
326
380
66
212
376
411
488
487
269
502
90
302
483
307
415
329
282
102
178
269
567
433
216
291
602
549
93
261
279
344
617
478
84
555
50
333
326
411
180
596
273
142
130
116
321
545
445
604
7
496
105
446
289
193
97
124
615
62
385
254
407
234
604
363
150
527
568
476
298
108
304
443
251
434
559
572
340
236
408
219
92
386
26
254
579
635
250
554
58
507
41
337
102
517
572
252
276
501
600
446
481
265
249
604
59
40
409
271
277
177
491
241
435
389
367
247
256
617
33
186
485
586
523
459
464
328
71
612
189
543
419
30
168
28
635
100
69
276
243
218
325
606
331
121
355
59
368
484
548
401
30
393
220
554
84
44
114
27
16
303
571
307
205
99
336
72
71
277
348
315
367
34
281
58
155
509
117
395
353
538
28
383
291
248
169
376
164
283
403
53
458
206
360
24
178
568
608
249
77
317
436
444
223
590
503
250
459
492
5
44
390
545
299
554
26
469
162
62
624
437
627
315
4
348
211
182
148
179
303
226
368
100
542
591
50
405
201
381
130
78
425
520
496
84
306
522
425
468
456
282
138
444
597
142
24
40
196
172
219
499
270
588
471
173
411
521
450
613
134
580
563
559
461
419
516
639
173
173
468
630
455
606
306
284
620
330
324
176
502
416
547
5
236
379
178
7
132
628
492
139
569
416
570
262
67
446
261
113
492
601
615
179
439
281
464
419
611
20
467
345
308
247
350
544
498
400
424
502
389
276
1
190
564
572
452
632
250
585
105
102
419
80
282
218
233
618
510
204
510
209
421
179
456
132
595
314
404
379
49
153
16
50
215
580
622
539
444
233
485
421
207
264
373
361
354
606
339
224
42
82
306
464
261
122
468
88
309
232
468
358
258
356
408
473
168
263
373
613
368
90
394
447
226
128
169
580
606
508
37
9
590
343
473
83
337
173
172
6
405
512
236
535
228
517
369
396
140
614
241
380
64
508
187
290
508
356
102
474
97
139
483
559
482
188
3
180
361
47
58
639
431
295
534
19
172
135
287
184
109
529
564
45
269
623
335
137
340
438
611
309
449
327
228
292
515
103
344
109
150
402
620
581
569
386
472
101
522
120
157
503
521
81
549
150
65
116
287
277
554
130
586
364
457
174
528
205
278
232
186
300
506
166
114
436
552
458
409
306
450
567
170
331
520
591
353
457
67
512
606
494
515
552
90
332
599
490
409
109
594
595
281
460
633
267
128
418
86
410
84
536
337
126
100
89
77
325
419
17
198
385
383
73
298
473
277
129
323
47
238
277
514
391
609
380
19
98
158
105
508
114
513
77
241
613
38
190
299
457
79
369
203
462
314
373
167
591
502
362
510
612
511
257
235
481
637
254
451
27
231
191
141
617
140
254
590
178
445
121
636
396
362
71
219
36
444
