1280
103
966
617
115
593
255
586
492
809
461
442
427
1010
1019
483
326
380
706
852
1016
1051
488
487
909
1142
90
302
1123
307
415
969
922
102
818
269
1207
1073
856
931
602
549
93
261
279
344
1257
1118
724
1195
690
973
966
411
180
596
273
782
130
116
321
545
1085
1244
647
1136
745
1086
929
833
737
764
615
62
1025
894
407
234
1244
363
150
1167
568
1116
298
748
944
1083
251
1074
1199
572
340
236
1048
219
92
1026
26
254
579
1275
250
1194
58
507
41
977
742
517
572
892
916
1141
1240
446
1121
905
249
604
699
680
409
271
917
177
491
241
435
1029
1007
247
256
1257
673
826
485
1226
523
459
464
328
71
612
189
543
1059
30
168
28
635
100
709
276
883
858
965
606
331
121
355
59
368
1124
548
1041
670
1033
220
1194
724
684
754
27
16
943
571
307
205
739
336
72
71
277
348
955
367
34
281
698
155
1149
757
1035
993
538
28
383
291
248
809
1016
164
283
1043
693
458
846
1000
664
818
568
1248
889
77
317
1076
444
863
590
1143
250
459
1132
5
684
390
545
299
1194
26
1109
162
702
624
437
627
315
4
348
211
822
148
179
943
226
1008
740
1182
591
50
1045
841
1021
130
78
425
520
1136
724
946
1162
1065
1108
1096
922
778
444
1237
782
24
680
836
172
859
499
910
588
471
813
411
521
1090
1253
774
1220
563
1199
461
419
1156
639
813
173
468
630
1095
1246
306
284
1260
330
964
816
502
1056
547
645
876
1019
178
7
772
1268
492
779
1209
1056
1210
902
707
1086
261
753
492
1241
615
819
439
921
1104
419
1251
20
467
985
308
247
350
1184
498
1040
424
502
1029
916
1
190
1204
1212
1092
632
250
585
105
742
1059
720
282
218
873
618
1150
844
1150
849
1061
179
1096
132
595
314
404
1019
49
153
656
50
855
580
1262
1179
444
233
485
1061
207
264
1013
1001
994
606
339
864
682
722
946
464
901
762
1108
728
309
232
468
358
898
356
408
473
168
903
373
613
368
90
394
1087
866
128
809
580
1246
1148
677
649
590
343
1113
723
337
173
172
646
405
1152
236
535
228
1157
1009
396
780
614
241
380
704
1148
187
290
508
996
102
474
97
779
1123
1199
1122
188
643
180
361
47
58
1279
431
295
534
659
172
775
287
184
109
529
564
45
909
1263
335
137
980
438
611
309
449
967
228
292
1155
103
984
749
150
1042
1260
581
569
1026
472
741
522
760
157
1143
521
721
1189
150
705
756
287
917
1194
130
1226
364
1097
174
1168
205
278
872
186
940
1146
166
754
436
1192
458
409
946
450
567
810
971
520
1231
353
457
707
1152
606
1134
515
552
730
332
1239
1130
1049
749
1234
1235
921
1100
633
907
768
1058
86
410
724
536
977
766
740
729
717
325
419
657
198
1025
1023
713
298
473
277
769
323
47
238
277
514
391
609
380
19
98
158
105
508
114
1153
717
881
613
678
830
939
1097
719
369
843
462
314
373
167
591
1142
1002
1150
612
511
897
235
1121
1277
254
451
667
871
191
781
1257
140
894
590
818
445
761
636
396
362
711
859
676
1084
258
500
178
1261
370
22
492
499
257
845
496
1024
16
1163
1127
719
1177
1104
859
791
927
910
1236
920
778
865
3
209
444
1191
525
1214
411
1215
1195
14
469
408
513
1238
485
242
982
502
637
830
453
534
1166
33
46
813
943
514
454
953
99
457
1162
1055
368
919
990
12
854
137
26
555
1057
1051
513
263
13
728
765
651
790
1218
417
676
483
975
210
658
210
664
331
821
353
725
1109
1233
364
51
1245
450
188
503
1005
1246
275
239
229
800
967
226
683
477
676
1101
385
1160
796
595
1050
238
491
102
292
76
59
121
30
424
172
507
874
360
243
1112
838
1030
583
1067
550
270
13
1234
1259
1202
287
364
1082
315
192
84
554
683
698
846
760
758
199
22
1182
883
1041
8
1243
4
352
802
1034
935
1101
817
1205
347
771
416
269
1058
781
583
93
973
667
1159
888
86
1237
880
844
668
134
1258
271
1176
498
235
412
851
269
679
506
90
216
944
949
219
80
1218
509
93
521
1114
298
1189
226
1187
507
183
787
71
852
922
561
355
50
1059
590
974
630
91
373
1137
694
1101
801
363
40
113
302
1061
207
55
896
505
1244
1122
412
471
537
432
1054
621
586
335
977
1148
115
799
842
1257
123
1216
1114
817
269
1147
412
822
1261
1226
603
700
2
731
1205
1246
1085
850
950
343
514
1236
196
1100
292
405
968
919
1205
530
896
560
978
1243
97
1248
342
1021
790
835
968
625
255
970
77
693
168
1162
263
350
737
777
307
166
1109
1111
571
29
750
1008
559
878
288
770
73
897
1250
416
639
1272
1251
327
617
739
17
1206
152
697
321
415
1048
1058
424
75
456
765
1186
1028
794
1168
1268
73
1278
277
75
72
1174
45
1000
1045
37
203
92
1167
942
621
1093
1094
39
134
741
319
425
397
394
881
1162
812
1141
676
1212
1130
1262
442
639
57
514
533
615
746
811
1164
950
903
1051
612
757
97
939
28
231
400
347
656
30
741
770
1192
785
631
589
717
481
1083
391
352
1140
906
118
987
884
929
872
554
1064
1155
399
541
1252
58
569
716
970
916
604
1000
889
94
145
394
726
1246
343
439
1049
735
792
141
873
910
1129
989
1071
1233
264
855
1108
1175
117
313
1233
1198
1029
155
835
353
388
956
960
533
583
406
1011
158
77
780
125
101
921
230
243
770
1220
34
1235
204
122
1064
99
239
609
564
669
358
1231
736
1223
339
413
903
104
996
541
1115
386
1131
1127
512
1232
769
742
708
771
682
1254
727
118
96
1023
217
847
352
13
237
1222
1245
973
397
816
618
21
153
846
1074
500
1233
925
348
465
110
349
439
818
1120
1122
24
1079
1240
121
822
690
200
406
703
949
860
668
643
1258
717
493
511
870
60
305
90
13
1231
438
990
61
787
149
111
1140
503
135
939
464
768
994
386
969
632
1089
1150
213
990
513
703
427
239
1214
529
299
751
619
824
702
290
1046
1275
309
1195
106
681
931
754
853
627
242
567
1013
443
1199
822
314
644
1044
59
579
703
298
513
1232
1109
1265
1084
653
1199
94
419
1195
915
847
533
829
1010
7
402
357
762
969
90
1205
120
