3200
1383
2886
3177
115
593
1535
586
492
1449
3021
2362
427
2290
1659
1763
326
2940
2626
2772
2936
411
1768
1767
2829
1782
730
2862
1123
2867
2335
329
2202
2022
1458
269
567
2993
856
2211
1242
1829
1373
2821
919
984
2537
2398
724
3115
1970
1613
326
1691
180
3156
273
2062
770
1396
2881
3105
1725
1884
1927
1136
105
446
929
2113
2657
124
1895
1982
2945
2814
2967
234
3164
1643
150
3087
1208
476
1578
1388
1584
3003
251
2354
1199
3132
2260
876
2968
2139
2012
1026
2586
894
3139
3195
2170
1834
1978
3067
2601
2897
102
517
2492
252
1556
501
1880
1086
3041
265
889
1244
2619
40
2329
2831
917
2097
1771
881
1075
2309
2927
2167
256
1897
1953
186
1765
2506
3083
3019
3024
328
71
2532
829
3103
419
670
168
1308
1915
740
1349
2196
1523
218
2245
1246
2251
121
355
1979
2288
1764
1828
1041
1950
393
1500
1834
1364
1324
114
2587
656
943
2491
2227
2765
2659
336
2632
1351
2837
1628
2875
1007
674
921
58
795
2429
2037
1035
993
1818
28
2943
2211
1528
2729
376
804
2843
2963
2613
1738
206
1640
1304
818
3128
1888
2169
717
317
2996
1724
2143
1870
1783
890
1099
1772
1925
44
390
3105
939
554
2586
469
2082
1342
1264
2997
1907
955
4
348
211
822
1428
2099
943
2146
368
740
1822
2511
2610
405
201
1661
130
78
1705
520
1136
2644
2226
522
1065
1108
3016
282
2058
1724
1237
2062
24
2600
836
1452
1499
1779
1550
1868
471
173
2331
3081
1730
2533
2694
1860
563
1199
2381
1699
1796
2559
173
813
468
3190
1095
2526
2866
284
2540
2890
2884
176
1142
2336
3107
645
2156
379
818
1287
1412
2548
1772
2059
1209
2336
1210
1542
1987
3006
901
113
1772
2521
1255
819
2999
921
1104
2339
611
1940
467
2905
2228
1527
350
1184
3058
2320
424
2422
1669
2196
1281
830
2484
2492
2372
1272
250
1225
1385
2022
1699
2640
2842
1498
1513
1898
1790
2124
1790
209
2981
819
1736
132
3155
1594
404
379
1969
2073
2576
50
855
1860
2542
1179
1084
2793
2405
421
2767
904
1013
361
354
2526
2259
2144
2602
2002
306
2384
2821
2042
468
728
1589
872
1108
358
898
1636
408
1753
1448
903
2933
2533
1648
90
2954
2367
2146
768
2729
2500
1246
1788
2597
649
590
2903
3033
1363
2897
1453
2092
1286
2325
1152
2796
1175
2788
1157
2929
1036
2060
614
1521
1660
704
2428
827
2850
1148
356
102
2394
97
2699
3043
1839
2402
828
3
2100
2281
47
1338
2559
2351
935
534
1939
2092
1415
927
2104
2029
2449
564
685
2829
2543
335
777
2900
438
3171
949
1089
967
2788
292
1795
743
344
2029
790
1682
2540
3141
569
1026
3032
2661
2442
760
2717
2423
1161
81
3109
790
2625
1396
1567
277
1834
2690
1226
2924
457
814
1168
205
1558
1512
186
300
1146
2726
1394
1716
552
2378
2329
946
1090
1847
170
2251
3080
1231
993
457
2627
512
1886
2414
1155
3112
90
1612
1879
2410
2969
1389
1874
3155
2841
3020
633
2187
2688
2338
1366
2970
84
2456
1617
1406
2660
2649
2637
1605
1059
17
2118
2945
383
73
2858
473
2837
2689
2883
2607
878
1557
514
1671
2529
2300
659
2018
1438
2025
1788
2674
2433
1357
881
1893
1958
1470
299
3017
2639
369
2763
3022
1594
373
1447
1231
3062
2282
1790
1892
1791
257
1515
1121
2557
2174
1091
1947
2151
831
1421
2537
140
254
1230
2098
1725
2681
1916
2316
1002
2631
2139
2596
3004
1538
1780
818
621
370
662
2412
1779
2177
1485
1136
2304
2576
3083
2407
1359
2457
1744
1499
2711
927
1550
1236
1560
1418
1505
2563
849
444
3111
1805
3134
1691
575
555
14
2389
2968
1793
2518
2405
882
1622
1782
1917
830
1093
1174
526
2593
686
1453
943
3074
3014
313
1379
2377
1162
2975
2288
919
2910
1932
1494
1417
1946
1835
2337
1691
1153
1543
2573
728
125
1291
2710
1218
417
36
1763
2255
1490
658
2130
1304
971
1461
1633
85
2389
1873
1004
51
605
450
1468
503
2285
606
2195
239
2149
2720
967
226
1963
477
2596
2381
1665
1160
1436
3155
2970
1518
2411
742
932
1996
1979
121
670
2984
172
2427
234
1640
883
472
198
1030
1863
2347
550
2830
2573
2514
1259
3122
2847
2924
1082
2235
832
2004
554
43
698
1486
2040
2678
2759
662
2462
883
1041
648
2523
1924
2272
2722
2954
935
3021
1457
565
347
771
2976
269
418
2701
2503
2653
333
1307
1159
1528
2006
597
1520
1484
1308
134
1898
2191
1176
498
1515
1052
2771
2189
1959
506
2010
216
2224
309
2139
2000
578
509
2653
3081
1114
938
1189
226
2467
1147
823
787
2631
2132
922
2481
2275
50
2979
590
2254
2550
731
1013
3057
694
2381
2081
1003
1320
2033
1582
2981
1487
2615
896
2425
604
1122
1692
1751
3097
432
2334
3181
2506
1615
2257
508
1395
799
2762
1897
2683
576
1754
177
909
1787
2332
182
621
1866
3163
60
1282
2011
2485
1886
1085
2130
1590
983
514
1876
2116
3020
292
2325
328
2839
3125
3090
1536
560
1618
1243
737
2528
982
1021
2710
2755
2888
625
2815
970
2637
53
808
522
2183
350
2657
2697
2227
2726
469
471
1851
1949
110
2928
1839
2798
288
1410
1993
2177
1890
2976
3199
2552
2531
2887
3177
99
657
566
152
2617
2241
2335
2968
1698
2984
1995
2376
1405
2466
1028
154
528
1908
1993
1278
2197
1355
72
1174
45
1000
2325
2597
1483
2012
527
1582
621
1093
1734
39
134
2021
959
2985
2957
2954
2161
1162
172
1141
1316
1852
3050
1262
1082
3199
2617
1154
1173
615
106
1451
1164
1590
263
1691
3172
2037
737
2859
28
871
1680
987
656
2590
741
770
552
2065
1911
1869
717
1761
1083
2951
2912
500
906
2038
2267
2164
289
232
554
1704
3075
1679
541
612
1338
569
2636
970
1556
1244
360
249
2014
2065
2314
726
1886
983
439
2969
735
152
1421
2793
2190
489
2909
431
1873
264
2135
1748
3095
2677
313
1233
1198
2949
155
2755
993
1668
956
960
533
1223
1686
371
158
77
140
2045
1381
1561
2790
1523
2050
2500
1954
1875
2764
2042
424
2659
1519
1889
1844
669
1638
3151
1376
583
1619
2333
1543
104
356
1181
475
1666
2411
1767
512
592
129
102
68
131
2602
3174
2007
118
2016
383
2777
1487
2272
2573
2157
1862
2525
333
397
2096
618
1941
153
2126
1074
1780
593
285
348
1105
2030
1629
2359
2098
1760
1762
24
1719
1880
2041
2102
2610
1480
2326
1983
1589
2140
1308
1923
2538
1357
493
2431
1510
2620
305
90
13
591
438
2270
2621
2067
1429
2671
1780
1143
2695
299
3024
2688
354
386
969
632
2369
510
2773
1630
2433
63
2987
879
2494
2449
299
751
2539
1464
1342
930
1686
1915
949
3115
1386
681
2211
2034
2133
3187
1522
2487
373
443
3119
2742
954
644
2324
1339
1859
63
2218
1153
2512
469
1905
3004
1933
1199
734
419
3115
2835
1487
2453
1469
1650
1287
402
1637
762
2889
2010
1205
760
2704
111
2557
1829
2603
1216
1892
1621
322
1205
43
179
2161
3128
1378
847
1500
2445
482
2987
1699
1951
2589
2986
2353
1026
548
3194
3036
2906
1907
492
3017
1264
2321
2420
2480
2166
1994
754
1323
2037
933
284
3117
2312
1131
1417
2709
2765
2356
1208
2669
1745
995
1822
2771
2695
2969
559
2401
1676
1052
171
2940
1325
543
172
291
489
927
2766
478
3012
3050
396
2124
2133
1813
2786
1699
970
794
1168
2715
2941
942
239
2437
1863
798
2790
339
3002
913
1231
1128
1457
1404
2571
1946
283
2138
2425
95
3140
2821
172
26
1434
2958
1725
356
552
845
3072
1446
2939
111
683
1603
2061
1425
1942
3016
2339
3174
944
596
2530
1467
494
2813
1557
2919
860
2650
492
1032
2676
3079
790
2353
235
2495
3198
107
741
2937
1370
2576
1340
1384
801
83
1200
1092
1209
96
2840
539
1563
135
1304
1073
1006
2164
523
2651
1149
1151
2530
1939
304
2765
2386
302
825
1079
1191
147
1607
484
1531
361
1719
2731
1453
2928
2827
1094
1419
2343
2381
2723
1368
187
2839
3043
2838
788
994
120
680
1298
2886
1018
2752
1663
2098
1895
1810
505
2379
142
866
898
825
272
1778
453
1366
3197
748
547
672
2116
1886
312
1959
2677
1100
2953
2797
2932
2203
435
751
2907
2098
2849
2754
1861
1306
1934
2003
125
784
2828
397
2563
1233
2915
2560
1981
1414
1185
897
100
1497
808
729
549
1713
1479
1434
716
1914
2185
1575
1965
2986
1130
626
1092
1016
2629
2369
2952
209
2766
2315
2595
433
2828
1376
1847
813
226
3100
262
2186
629
1963
700
2108
197
1416
1975
2382
944
740
120
26
2518
2365
2194
3099
1534
1946
108
2253
1062
2703
2686
1842
2032
1334
607
210
1234
869
2396
3015
784
3096
1924
982
2465
1851
1316
1361
543
1437
1387
3061
602
381
2960
88
279
1020
2341
2493
524
1828
1135
508
3162
1742
1870
1196
563
1066
1011
2500
2115
887
1434
2532
690
2750
693
1233
2139
2080
1094
693
413
854
782
1844
1875
3123
1138
351
1751
2273
2011
2865
1968
681
2013
483
2899
977
935
1814
1864
2369
1146
507
3072
2991
1740
2011
3023
787
657
236
2793
1439
2081
2620
2514
1171
2971
2218
1396
2934
1883
164
1567
697
1800
1267
1674
2735
1033
1490
3057
132
3149
2929
3123
1690
2892
2947
429
349
1135
22
2940
1168
2643
2255
2339
366
2425
536
1253
2260
1852
2820
2957
1604
887
2583
1140
1921
2026
997
5
3127
1878
3128
2769
1570
827
3198
1920
1963
21
1660
1083
616
1867
223
982
1092
1911
2235
153
563
3008
1062
2168
695
1598
1260
568
1576
209
573
1503
2087
1654
1073
457
2481
2223
329
2396
2244
3142
280
812
1809
1655
2947
854
366
3134
2159
2081
2942
1173
2201
438
2771
1413
2158
2299
1622
684
1755
1661
290
780
71
723
3003
400
3120
0
342
1352
812
104
3007
559
958
1325
494
3117
1358
236
1090
360
1826
1814
1773
1937
2065
1348
2621
620
3009
863
1400
1032
1586
1204
1433
2658
2356
2927
810
3168
3031
1769
528
1941
1046
2174
1858
2405
2410
901
2765
2189
667
2490
926
2732
638
1499
1305
1600
2362
657
2632
748
1861
2017
207
2169
2897
2169
2138
2728
739
618
1470
1785
2792
1280
2142
3154
133
1707
2143
800
2150
1021
1485
2788
2520
2790
2340
2834
247
2925
383
61
2894
1742
2230
2591
1863
2320
2120
554
2938
1542
292
2530
2822
2434
2485
908
2094
2580
1708
1044
402
1145
1784
2922
1887
925
2557
2135
1802
892
148
1496
586
330
2040
2449
2651
2112
956
2389
454
1248
2872
1228
482
2157
88
2576
1537
1797
420
1939
894
2205
2814
2782
1082
123
2869
836
1015
3017
284
2753
1299
2324
3154
750
1236
910
1092
2842
2158
764
2023
2641
2921
2111
3169
2410
1860
390
2302
2755
547
1916
289
2781
2039
3158
417
1006
2975
701
1711
1074
978
1665
2977
166
2576
869
961
1534
1633
936
2127
2506
999
2097
1716
2860
439
1970
367
986
686
1808
567
677
1766
2136
2835
2693
2837
1346
1719
1767
3012
1496
1934
340
317
2895
1874
1950
631
802
2408
1630
851
925
2442
1290
847
761
2276
1534
2569
795
163
1135
2931
951
1780
520
2297
300
2288
61
1796
2174
401
2114
1869
228
2016
452
2182
1225
2082
3033
102
2477
1123
949
1190
1351
435
560
2146
599
2847
3029
2702
1428
349
1799
1728
589
3013
1476
2763
1366
390
2584
1594
359
3036
576
1584
3071
409
2838
300
2684
1739
1490
835
2175
2050
2981
726
2850
762
228
1078
2264
3179
758
2853
944
2234
369
2311
577
905
1857
936
742
2434
472
1765
795
110
2065
1432
1849
1507
2267
1976
358
1
2702
1160
763
882
2238
3027
2014
2996
633
2958
2030
2154
2069
2607
3059
727
1495
601
1113
1967
318
3060
29
335
1292
3031
1843
1512
1807
153
1513
2462
1313
228
1296
351
56
110
1299
1841
3069
1281
795
3090
689
654
1769
136
2408
2882
2104
2726
695
2133
1014
1987
1964
2857
1451
1724
3010
2964
2138
1123
3193
234
2626
1201
345
725
994
1366
2006
1789
1256
647
395
3026
784
2803
660
840
282
1355
2973
2448
1295
2890
2105
2746
2566
3067
463
1504
990
1608
2890
1568
761
35
2293
1755
1401
2251
344
610
851
1891
1588
1635
2647
2248
2475
881
1556
200
129
2851
1042
2234
349
1560
2101
1964
3064
1043
372
2755
2611
1133
742
2856
840
96
3059
2336
1858
710
1028
246
297
475
2494
724
1356
850
925
1485
1653
3119
1671
3155
1480
1724
1919
2496
2767
244
3
130
2529
746
2986
170
1994
2845
458
652
1508
1486
898
1805
3113
1344
2530
2421
147
1407
1858
1800
2478
329
2907
758
2053
2779
1207
2772
975
1210
2902
304
3108
640
1626
1902
286
2085
506
2946
1523
1404
1551
1437
701
2033
1810
848
1392
469
600
671
1950
308
2581
1956
3087
588
1528
862
2951
2383
2318
2859
3023
745
2714
1261
782
1172
1007
257
529
511
1694
1230
2544
1457
2078
737
1926
2678
2560
1828
2986
1941
584
825
482
65
2839
233
2448
1958
1044
223
655
1710
1485
2589
2883
444
2846
212
955
2493
1442
300
750
320
2189
628
950
1549
2456
737
1442
3041
2714
1924
1058
2354
109
1458
2264
1154
1681
2919
816
1118
260
499
1563
3106
1863
2518
2399
105
770
1101
1577
911
1729
2528
412
986
1217
1855
1979
1883
579
989
1037
689
2447
1253
2995
2080
2124
611
3199
2384
1111
2714
243
926
3184
2642
1032
1907
1696
561
2818
225
1041
31
2363
210
1886
2294
2094
417
1235
1083
2258
482
2337
2053
515
2413
617
514
1598
2880
1180
1841
606
1164
2435
1638
1023
931
152
642
2309
2345
1825
2624
2556
1663
2871
2602
2080
906
485
2291
1389
774
1144
3056
3188
1761
370
2738
1441
2702
1379
2048
1818
1766
1638
2842
650
2942
284
2959
2088
61
335
2596
1724
6
1998
1756
913
435
847
254
2362
3144
110
302
2857
1632
3040
2251
2286
2371
1099
904
2089
689
546
2739
1584
1982
450
472
2043
786
3068
1719
792
3018
276
2857
253
2275
1063
2615
2219
2325
869
1877
1909
709
2080
995
1032
1131
1900
3122
1820
2446
613
1356
1229
1064
1828
1224
1850
2848
2944
594
618
1172
1404
872
247
2467
1439
419
1593
2309
248
1454
970
2328
2450
3155
259
1150
1029
31
1548
1642
1388
2777
2706
1168
1954
2508
1969
1698
3103
2587
2870
1307
1411
1069
1726
803
2640
1271
1064
2888
2726
3186
2016
1976
3141
227
1078
2122
259
2626
565
2799
2204
1223
767
958
532
688
608
1587
76
1430
2894
2639
451
2572
242
3092
644
1306
2780
1322
1293
2749
98
2386
928
1176
1309
1187
602
3026
1938
758
1049
658
2868
1581
1346
1428
1120
2574
2858
814
2014
1262
1339
2256
1154
3135
1515
734
1257
760
1435
2507
3146
2364
483
1255
1503
2237
2233
242
948
83
900
1768
2816
2246
1149
737
1621
1959
2703
1587
21
842
643
1175
777
110
3062
3186
870
1297
2493
817
461
928
24
3117
3166
2258
159
2066
293
1059
1786
3109
1257
2935
646
830
1695
1302
2417
1716
96
1013
2892
874
1123
706
860
1994
2003
1306
763
417
2234
1939
334
152
2149
493
2218
2442
2704
805
304
1913
1692
2102
2744
187
204
1961
3056
301
926
2748
2327
2050
254
1139
1996
209
2445
711
626
1480
602
2112
1632
2752
557
1803
3146
61
560
250
3127
2252
2353
2671
2440
2557
2584
248
810
311
948
3137
313
2354
1077
261
2563
1474
2124
1142
2954
2726
54
2539
2278
1764
1142
2225
2977
1702
427
2904
754
2780
2375
1146
90
1760
1394
900
23
2342
1990
1488
1496
1019
1749
2012
2493
1825
3154
2248
1351
1160
1587
1582
2924
2729
1759
2702
2383
2186
2406
3137
1767
2734
2236
3009
2446
430
709
2469
725
651
757
173
1670
458
2185
964
2283
2139
1164
1586
1252
703
3168
976
232
1727
1630
567
1866
837
504
433
371
692
1394
2817
2275
55
38
3000
707
1947
3173
2377
357
2159
1293
592
2250
2457
2178
302
3160
2147
2431
1344
1826
861
1911
492
1698
368
2077
21
1060
271
790
1287
1479
1980
1087
2186
1879
2213
1363
2236
2324
609
2828
1374
3066
2959
2829
3027
3058
2060
1171
1684
873
1035
129
524
1403
158
545
415
1582
2488
1703
3061
1268
742
2047
1100
2955
1362
136
31
1971
917
2558
1838
676
2187
2817
534
2199
1940
170
3072
927
1451
396
282
1610
2094
698
3192
1382
353
3053
602
2247
3052
2854
3155
1214
2991
3186
1138
1860
2544
928
488
2683
545
1022
2834
437
2344
2707
1365
596
1055
1647
2206
3149
297
150
2483
1802
3
1038
850
3055
692
805
2221
1635
791
1311
295
1288
2239
783
1923
736
2957
1558
2326
2102
1065
491
650
2120
90
808
22
388
958
457
2190
961
1495
3040
1968
140
1797
2141
1775
541
253
23
1829
444
1958
552
2333
1716
2110
1459
1770
1127
1950
372
1200
2040
1180
2374
380
2138
2831
2571
3099
2279
363
3019
2419
2161
3112
2146
654
1317
2169
2483
1762
928
987
895
596
1050
2354
2366
129
2256
2738
1329
1096
718
1655
2629
808
1287
2000
707
1518
315
1678
737
428
1590
835
1082
2908
3005
1517
2622
1885
457
1469
2481
1507
623
2799
1636
2879
289
918
1927
1007
2573
1356
1815
1812
1308
474
130
2776
104
2019
1156
2846
2855
2239
506
612
1708
3128
2497
2165
1397
2930
472
3172
2529
61
803
2818
2131
683
1777
2656
3191
1544
1269
2452
3170
2551
2028
1226
