
Sorted array is 

2
4
4
4
5
5
8
9
10
11
12
13
13
14
18
18
19
19
19
21
21
21
22
22
22
22
24
24
25
27
28
28
29
29
29
30
31
36
37
37
37
40
40
42
42
42
43
43
44
44
46
46
50
55
55
56
58
58
59
59
61
62
62
62
64
66
67
67
68
68
69
69
71
71
72
73
75
76
76
78
81
81
81
82
84
84
86
87
89
90
90
91
91
92
92
92
94
97
97
99
99
99
101
101
102
104
104
105
105
105
106
108
111
113
113
114
115
117
117
119
120
121
121
121
121
122
124
124
124
124
124
125
126
126
127
129
130
130
132
132
133
136
136
137
138
139
139
140
140
142
142
143
143
143
143
144
145
146
148
149
150
151
154
155
156
159
163
163
163
164
164
165
167
167
167
167
168
168
168
169
170
171
172
172
172
173
173
173
176
176
179
180
181
182
183
183
184
185
186
186
186
186
187
188
190
190
193
193
193
196
196
196
196
196
197
199
200
201
201
202
202
203
206
206
207
209
210
211
211
211
211
212
213
213
216
218
218
219
219
221
222
224
226
226
226
227
228
228
228
229
232
234
234
234
235
240
241
241
244
245
245
249
250
251
251
252
252
256
256
257
258
258
259
259
260
260
260
265
265
267
268
269
270
270
273
274
275
280
281
282
283
284
284
284
286
287
288
288
290
294
295
295
297
298
298
299
299
300
303
304
305
305
306
307
307
308
309
313
315
315
317
317
320
323
323
324
325
326
326
327
327
328
328
328
329
329
329
330
331
332
335
335
336
336
336
336
336
339
339
340
340
340
342
342
348
350
350
350
353
354
354
355
355
356
356
361
362
364
365
367
368
369
370
370
372
372
376
377
378
378
379
379
379
379
381
382
384
384
384
387
390
390
393
393
394
395
395
398
399
399

3488