800
583
486
777
115
593
735
586
492
649
621
762
427
690
59
163
326
540
226
372
536
411
168
167
429
182
730
462
323
467
735
329
602
422
658
269
567
593
56
611
442
229
573
421
119
184
137
798
724
715
370
13
326
91
180
756
273
462
770
596
481
705
125
284
327
336
105
446
129
513
257
124
295
382
545
414
567
234
764
43
150
687
408
476
778
588
784
603
251
754
399
732
660
76
568
539
412
226
186
94
739
795
570
234
378
667
201
497
102
517
92
252
756
501
280
286
641
265
89
444
219
40
729
431
117
497
171
81
275
709
527
567
256
297
353
186
165
106
683
619
624
328
71
132
29
703
419
670
168
508
315
740
549
596
723
218
645
446
651
121
355
379
688
164
228
241
350
393
700
234
564
524
114
187
656
143
91
627
365
259
336
232
551
437
28
475
207
674
121
58
795
29
437
235
193
218
28
543
611
728
329
376
4
443
563
213
138
206
40
504
18
728
288
569
717
317
596
124
543
270
183
90
299
172
325
44
390
705
139
554
186
469
482
542
464
597
307
155
4
348
211
22
628
499
143
546
368
740
222
111
210
405
201
61
130
78
105
520
336
244
626
522
265
308
616
282
458
124
437
462
24
200
36
652
699
179
750
268
471
173
731
681
130
133
294
260
563
399
781
99
196
159
173
13
468
790
295
126
466
284
140
490
484
176
342
736
707
645
556
379
18
487
612
148
172
459
409
736
410
742
387
606
101
113
172
121
455
19
599
121
304
739
611
340
467
505
628
727
350
384
658
720
424
22
69
596
481
30
84
92
772
472
250
425
585
422
99
240
442
698
713
298
190
524
190
209
581
19
136
132
755
794
404
379
369
473
176
50
55
260
142
379
284
393
5
421
367
104
213
361
354
126
659
544
202
402
306
784
421
442
468
728
789
72
308
358
98
36
408
153
648
103
533
133
48
90
554
767
546
768
329
100
446
188
197
649
590
503
633
563
497
653
492
486
725
352
396
375
388
357
529
236
460
614
721
60
704
28
27
450
348
356
102
794
97
299
643
239
2
28
3
500
681
47
538
159
751
135
534
339
492
615
127
504
429
49
564
685
429
143
335
777
500
438
771
149
289
167
388
292
195
743
344
429
790
82
140
741
569
226
632
261
42
760
317
23
361
81
709
790
225
596
767
277
234
290
426
524
457
14
368
205
758
712
186
300
346
326
594
116
552
778
729
146
290
247
170
651
680
431
193
457
227
512
286
14
355
712
90
12
279
10
569
589
274
755
441
620
633
587
288
738
566
570
84
56
17
606
260
249
237
5
259
17
518
545
383
73
458
473
437
289
483
207
78
757
514
71
129
700
659
418
638
425
188
274
33
557
81
293
358
670
299
617
239
369
363
622
794
373
647
431
662
682
190
292
191
257
715
321
157
574
291
347
551
31
621
137
140
254
430
498
125
281
316
716
202
231
539
196
604
738
180
18
621
370
662
12
179
577
685
336
704
176
683
7
559
57
144
699
311
127
750
436
760
618
705
163
49
444
711
205
734
91
575
555
14
789
568
193
118
5
82
22
182
317
30
293
374
526
193
686
653
143
674
614
313
579
777
362
575
688
119
510
332
694
617
346
235
737
91
353
743
173
728
125
491
310
418
417
36
163
655
690
658
530
504
171
661
33
85
789
273
204
51
605
450
668
503
685
606
595
239
549
320
167
226
363
477
196
781
65
360
636
755
570
718
11
742
132
396
379
121
670
584
172
27
234
40
83
472
198
230
263
747
550
430
173
114
459
722
447
524
282
635
32
404
554
43
698
686
440
278
359
662
62
83
241
648
123
324
