5120
1383
966
3177
115
3153
255
3146
4332
809
4301
4282
2987
3570
4859
483
326
4220
706
2132
1016
4891
488
487
909
4982
1370
302
3683
1587
2975
2249
922
3942
3378
4109
5047
3633
2136
2211
4442
4389
1373
261
2839
4184
3817
1118
3284
2475
3250
2253
2246
1691
2740
3156
1553
2062
1410
116
1601
4385
2365
2524
3207
3696
4585
1086
2209
4673
3297
4604
1895
2622
4865
4734
1687
1514
3804
2923
3990
5007
3128
1116
1578
748
2224
1083
2811
3634
1199
4412
2900
1516
4888
4059
92
2306
26
254
1859
1275
2810
3754
3898
507
1321
3537
2022
3077
4412
892
916
2421
5080
446
1121
2185
1529
1884
699
680
4249
1551
2197
4017
491
241
4275
3589
3567
4087
2816
1257
673
4666
1765
5066
3083
1739
3024
328
2631
1892
2749
543
2339
3870
2728
3868
635
1380
4549
2836
883
4698
4805
4446
2891
3961
2915
1339
2928
3684
548
3601
3230
2313
1500
1194
2004
4524
4594
2587
1296
2223
3131
1587
4045
739
336
2632
71
2837
348
955
367
34
281
3258
3995
1149
4597
4875
4833
3098
1308
2943
291
2808
2089
2296
164
1563
4883
4533
1738
846
1000
664
4658
4408
1248
4729
77
1597
3636
444
4703
1870
3703
1530
3019
1132
1285
684
4230
545
1579
2474
1306
3669
2722
4542
3184
437
1907
2875
1284
2908
1491
822
148
2739
3503
226
2288
2020
3742
1871
3890
2325
3401
4861
1410
2638
425
520
1136
2004
946
2442
3625
3668
4936
4762
2058
1724
2517
3342
2584
1960
2116
2732
4699
499
910
1868
471
4653
1691
4361
4930
5093
2054
1220
563
2479
1741
1699
2436
639
2093
4013
4308
1910
3655
1246
1586
4124
2540
4170
964
4656
1782
3616
3107
645
3436
3579
178
7
772
5108
3052
779
1209
3616
1210
902
3267
3646
1541
3313
492
3801
3175
2099
2999
4761
1104
419
3811
20
3027
3545
1588
4087
4190
5024
498
2320
2984
4342
2309
916
1
1470
2484
1212
2372
632
2810
1865
3945
3302
3619
2000
282
1498
4713
4458
4990
3404
2430
849
4901
4019
4936
3972
1875
314
4244
4859
2609
1433
656
2610
855
3140
3822
1179
1724
1513
3045
3621
2767
1544
3573
1001
994
3166
339
864
4522
722
4786
4304
4741
4602
1108
4568
2869
232
4308
358
4738
2916
2968
473
4008
4743
1653
613
4208
2650
4234
4927
2146
2688
809
3140
3806
1148
1957
3209
1870
1623
2393
4563
4177
1453
4012
1926
1685
1152
236
4375
4068
1157
4849
2956
780
4454
1521
2940
1984
3708
2747
4130
4348
3556
102
3034
2657
2059
1123
2479
3682
1468
1923
2740
2921
3887
2618
2559
2991
2855
1814
1939
4012
4615
2847
2744
3949
4369
564
3885
909
1263
2895
137
4820
2998
3171
309
3009
2247
2788
1572
3715
2663
2264
4589
1430
4882
5100
4421
569
4866
4312
4581
4362
2040
157
1143
4361
721
5029
150
1985
756
287
4757
3754
1410
5066
1644
3657
2734
1168
205
278
3432
2746
4780
1146
2726
2034
1716
2472
4298
4249
4786
4290
4407
810
3531
3080
3791
1633
3017
4547
4992
606
1134
4355
552
730
2892
1239
4970
1049
4589
1234
3795
2201
2380
4473
2187
2048
4898
1366
4250
4564
536
3537
3326
2020
4569
1997
1605
419
4497
1478
1025
3583
713
1578
4313
1557
769
4163
2607
238
277
4354
391
609
1660
2579
2658
1438
3945
1788
3954
2433
3277
2161
4453
678
2110
939
1097
4559
369
2123
3022
4154
1653
167
591
2422
2282
1150
612
511
3457
4075
1121
5117
1534
1731
4507
3431
1471
3341
3817
2700
3454
3150
3378
445
2041
4476
2956
362
4551
859
4516
1084
4098
3060
1458
1261
4210
22
1772
499
4097
845
496
3584
2576
5003
4967
1999
1177
3664
4699
4631
4767
910
5076
4760
3338
865
3
2769
1724
2471
1805
3774
411
1215
5035
2574
4309
1688
3073
1238
485
1522
4822
3062
4477
4670
3013
534
1166
2593
46
813
3503
3074
454
4793
3939
457
2442
3615
2928
2199
2270
1292
3414
137
3866
555
4897
4891
1793
263
1293
4568
3325
651
2070
1218
4257
3236
1763
2255
4050
3218
210
4504
2891
2101
2913
3285
3669
3793
364
3891
5085
1730
4028
1783
2285
3806
1555
4079
4069
800
3527
226
4523
477
4516
3661
1665
1160
796
595
2330
4078
3051
102
4132
3916
1339
2681
2590
1704
1452
507
3434
360
243
3672
2118
4870
583
1067
550
4110
1293
5074
2539
3762
1567
4204
4922
315
2752
84
4394
683
3258
3406
4600
4598
4039
22
1182
3443
3601
2568
3803
3844
4192
802
3594
4775
4941
2097
3765
4187
2051
4256
2829
3618
3341
583
3933
973
667
1159
4728
3926
2517
2160
3404
4508
134
2538
2831
3736
3058
1515
412
2131
269
1959
1786
90
4056
3504
2229
4059
2640
5058
509
3933
521
2394
2858
1189
1506
2467
3067
4023
4627
1351
3412
4762
1841
4195
1330
4899
590
4814
1910
3931
1653
3697
1974
3661
2081
4203
2600
2673
4142
1061
1487
2615
3456
4345
3804
4962
1692
1751
1817
4272
1054
3181
1866
2895
2257
1148
2675
799
842
2537
2683
2496
1114
4657
4109
1147
1692
4662
3821
3786
603
3260
1282
2011
2485
5086
4925
2130
4790
1623
4354
3796
2756
1100
1572
2965
2248
2199
3765
3090
4736
4400
3538
3803
3937
2528
2902
3581
2070
4675
2248
625
2815
3530
2637
3253
1448
2442
263
4190
2017
4617
2867
2726
3669
2391
571
3869
4590
2288
1839
2158
1568
3330
3913
3457
3810
1696
1919
3832
1251
4167
4457
2019
2577
5046
152
1977
321
415
1048
2338
2984
3915
3016
4605
1186
3588
3354
3728
3828
73
3838
277
1355
2632
3734
45
2280
3605
3877
1483
2652
1167
3502
3181
1093
3654
39
1414
2021
4159
1705
2957
2954
4721
2442
2092
1141
676
3772
4970
3822
442
3199
57
3074
1813
3175
3306
3371
5004
4790
903
1051
3172
2037
97
4779
28
1511
1680
4187
3216
2590
2021
770
5032
2065
1911
589
717
1761
2363
4231
2912
2420
2186
2678
3547
3444
929
3432
3114
4904
2435
4239
1821
2532
3898
1849
1996
3530
916
3164
1000
889
3934
3985
2954
726
2526
1623
439
4889
735
3352
141
873
910
3689
2269
4911
5073
264
4695
2388
2455
1397
2873
1233
1198
4869
2715
2115
2913
1668
956
4800
533
1863
406
1011
1438
3917
780
125
101
921
4070
4083
4610
1220
3874
2515
1484
1402
4904
3939
2799
609
3124
1949
358
3791
2016
1223
339
2973
903
3944
4836
4381
4955
4226
1131
3687
4352
1232
4609
3302
3268
2051
4522
5094
4567
3958
1376
2303
2777
2127
2912
3853
4077
1222
2525
973
397
816
1898
1301
2713
4686
3634
500
3793
4765
4188
3025
3950
1629
4279
2098
3680
3682
24
1079
2520
1401
3382
3250
1480
4246
1983
3509
3420
4508
4483
3818
3277
4333
3071
870
3900
1585
1370
2573
1231
438
3550
61
2067
2709
111
3700
4343
135
4779
1744
4608
994
2946
969
3192
4929
2430
1493
2270
1793
3263
427
4079
1214
4369
2859
751
619
3384
1982
4130
4886
5115
4149
2475
106
681
4771
3314
3413
4467
2802
4407
2293
1723
2479
2102
4154
1924
2324
3899
3139
703
2858
4353
5072
3669
5105
3644
1933
5039
2654
1699
5035
4755
2127
3093
3389
4850
1287
1682
4197
2042
969
1370
3765
1400
1424
751
1277
3749
2603
4416
4452
341
1602
4405
1963
4659
881
1848
4578
1487
1500
2445
1122
3627
419
4511
1309
1706
1073
386
3748
5114
1756
346
4467
1132
1097
624
4881
3700
5040
2166
1994
4594
4523
3957
4133
284
3757
3592
1771
137
3989
845
1716
4408
3309
3025
995
4382
3411
2695
2329
3119
3041
1676
4252
2091
2300
1965
3743
172
4131
3689
4767
1486
478
1732
1770
4236
204
1493
4373
2146
2339
970
1434
528
3995
381
2862
239
3077
3143
3358
4070
4819
442
4113
5071
2408
2737
124
4491
1306
2843
858
1785
4575
580
901
2732
26
154
4878
2365
4196
1192
845
3072
4646
1659
3311
2603
4803
4621
4625
4502
3016
3619
4454
304
1236
2530
2747
494
253
1557
2279
2780
90
1132
392
116
4359
150
433
3435
4415
1278
1387
3941
2937
2650
4496
2620
104
4001
2003
3120
452
4409
1376
4760
1819
4123
135
24
3633
366
2804
3723
4571
1149
1791
3810
1299
2224
2125
3666
3502
1465
439
4391
2067
2887
4964
2171
4841
4919
171
173
4208
1547
4934
3979
3623
3021
4003
88
3387
4759
1763
2838
788
3554
4600
40
658
1606
1658
2112
1023
2098
4455
3090
4985
4299
142
4706
4098
3385
2832
1138
4933
2646
5117
1388
547
1952
1476
1886
1592
3239
2677
2380
1673
2157
372
283
1715
2031
347
2738
4129
2754
3781
1946
1934
3923
4605
3984
2188
2317
3
5073
2915
0
1341
1414
5025
2817
3300
1497
4008
3929
1829
3633
4039
154
3916
634
2185
2215
1325
4266
4970
5106
1092
4856
3909
3649
1672
4049
846
1675
1955
1713
4748
3296
3127
4653
4066
4380
4102
906
3189
3883
4540
2108
4037
3336
695
1102
3504
2020
3320
1306
5078
2365
4114
1819
894
666
748
4813
2342
2703
1406
5042
3952
4534
2527
850
3794
1509
1756
4935
3344
1176
1924
2262
2465
571
1316
3921
543
4637
107
501
1882
4221
2320
728
2839
1020
421
3133
3724
1828
3055
508
1242
462
4430
5036
5043
1066
4851
1220
195
4727
1434
612
3250
2750
4533
3793
219
4640
4294
53
1693
1494
782
2484
2515
1203
498
4191
3031
3553
2651
2225
1968
1961
93
4963
979
2897
4135
1174
2504
449
1786
3707
1152
4271
2380
1371
1743
4627
4497
3436
4073
159
801
4540
4434
4371
3611
298
756
4214
2523
2724
4127
2617
520
5107
394
4655
4233
850
3057
3972
2509
4209
3123
4890
3532
4867
2349
2909
1135
1302
1020
5008
723
335
4259
2286
3705
5016
4453
4180
572
3460
1677
4164
3447
23
3700
2561
3946
1637
4485
4407
3798
2488
2129
2210
187
4478
0
1323
661
1020
4283
4456
4427
3423
1622
3012
1271
955
2073
1843
2368
1702
888
695
4798
2540
1208
1576
2129
573
863
807
1014
2993
3017
1201
303
969
476
964
5062
4760
3372
4369
1015
2947
214
2286
1854
239
2081
4222
5013
921
4918
4691
1413
4078
4219
3542
2604
3035
2301
1570
3980
3271
723
4283
4240
1200
3200
4182
3912
1452
1384
4927
4399
1598
45
1134
1837
78
236
1730
1000
3106
4374
2413
17
1425
3908
2621
4460
1089
2143
3320
2312
2866
2484
1433
2018
3636
3567
810
5088
4951
3689
4368
4501
1686
3454
1218
1765
3690
901
2765
4749
3227
3130
4766
4652
1918
219
1945
960
2362
3217
3272
108
581
2657
2127
2169
4177
889
2138
4008
4579
4458
3390
1145
2792
2560
862
4434
1413
3627
4063
4640
4710
1661
2125
1508
1880
4070
420
2194
2167
1645
2303
701
2254
2382
2870
1311
1223
2960
200
3754
2298
1542
2852
5090
4102
3714
4405
3468
174
1300
2988
4884
2962
3065
4344
4842
5087
4765
1917
2135
4362
2172
788
1496
2506
1610
760
3729
4571
4032
316
1749
454
3168
4792
2508
1762
4077
3928
1936
257
1797
1700
3219
2814
925
894
2782
3642
763
2869
836
2935
3657
284
3393
3219
1044
5074
2670
5076
270
2372
3482
3438
2044
3943
81
1001
2751
5089
4330
2500
1670
382
195
547
1276
929
2141
2039
3798
2977
2926
2335
3261
4271
434
2258
4225
1057
166
4496
3429
1601
2814
353
3496
847
4426
4199
817
3636
1580
439
1970
4847
986
3246
3728
3127
3237
2406
4056
4115
2693
2197
3266
1079
2407
2372
2136
2574
4820
3517
4175
2514
3870
2551
3362
1128
1630
2131
4765
1162
2570
4687
3961
3556
2814
2569
4635
4003
4975
3571
951
500
3720
4217
1580
1008
4541
3716
1534
4241
2114
589
4708
3936
1092
902
5065
2722
3033
2662
1837
483
2229
3750
1991
2995
1200
1506
1879
4127
3029
782
4628
1629
4999
1088
589
2373
2756
2123
4566
4870
664
4154
1639
1756
5056
1584
2431
2969
2198
2220
1404
2379
850
3395
255
2050
4901
86
4130
762
868
3638
344
3819
2678
933
4144
314
1009
3591
3137
4745
577
4776
1382
514
4312
1765
1435
1390
3985
792
3769
2787
4187
1976
4838
1921
2062
1800
2683
882
318
3027
2654
2996
1913
1678
3310
874
149
1327
499
727
4055
1881
4313
3247
1598
3700
2589
3535
4492
4311
1203
1512
1167
3993
3433
1182
673
4068
16
991
1976
2670
1939
1841
4349
3201
2715
2450
4529
3214
1129
1416
3048
322
4664
4646
1975
2133
1014
1347
1324
2217
811
444
1090
4244
4698
1763
3193
4714
706
3121
2265
2645
2914
4566
726
509
1896
3207
1675
3026
4624
4723
1300
2120
2202
3275
4253
1168
2575
3530
3385
3386
1926
2427
463
1504
4190
1608
4170
2848
2681
1315
373
475
761
4171
984
610
211
611
1588
4835
3287
2888
1835
3441
4116
4040
4609
1571
402
2874
2909
280
181
1324
1784
2323
2932
835
51
493
102
3496
4040
3936
499
2976
2498
710
3588
4086
3497
1755
1854
3284
76
850
2205
4685
373
559
391
1235
840
3644
2559
576
847
3444
4483
3970
1889
4586
2346
810
1354
2845
1738
3852
1508
206
2818
5005
5033
2624
3170
3061
1427
3327
578
1800
1838
969
987
2678
4613
1499
1207
3412
2895
570
2262
4784
3108
2560
3546
4462
286
165
1146
4866
3443
3964
4751
3357
4541
753
4370
848
2032
4949
600
3871
3870
1588
4501
1316
3087
588
4728
862
4231
4943
3598
2219
2383
2025
4634
621
142
3732
367
1537
529
3071
4894
5070
3824
2097
798
737
1926
1398
2560
3748
2986
1941
5064
4025
482
2625
2839
4713
2448
1318
4884
2783
1295
2350
3405
4509
963
1724
926
1492
4795
3773
1442
3500
750
2240
2189
628
1590
4749
4376
4577
4642
4321
1434
4
4898
4274
2669
178
3544
2434
2961
4839
2736
4318
2180
3699
923
3106
3143
598
1759
4585
2050
461
4777
2191
1089
1248
4892
346
3777
4415
2619
3163
4419
349
2317
1969
527
3813
2355
1440
1484
5091
639
3664
3671
4634
4723
4766
3184
1362
4232
3187
4896
1841
258
865
1041
31
4283
2770
4446
4854
814
1697
3155
1083
1618
3682
4897
3973
3075
4333
1897
3714
2878
3520
1180
2481
3166
4364
1795
2278
383
1571
2072
642
389
1065
3745
2624
3836
1023
311
2602
2720
3466
3685
2291
2029
1414
1144
3056
628
3041
1650
1458
1441
782
3939
4608
3098
3686
4838
3482
3210
4862
4124
3599
808
701
4175
2596
1724
4486
78
2396
2833
1715
4687
2814
1082
3784
750
4782
4777
352
1120
4171
4206
3011
3659
2184
4649
1329
546
2739
4144
2622
4290
4952
3323
3346
2428
2999
2712
458
276
3497
2173
2915
4263
3255
1579
2965
869
1237
1269
1989
3360
355
2952
4971
2540
2482
1180
3086
3173
3276
589
2344
3108
1864
570
3488
4864
1234
1898
3092
2684
4072
887
1827
159
419
4793
1029
4728
4014
970
2968
4370
1875
2819
1790
2309
1951
2828
362
108
3417
2706
1168
3234
1228
2609
2978
2463
4507
950
27
1411
4909
4926
4643
3280
2551
3624
2888
1446
2546
736
696
4421
1507
438
4682
3459
3266
5045
1519
1564
583
2687
4798
1812
3248
608
2227
2636
4630
2254
1999
2371
12
1522
532
2564
26
3420
1962
2573
2109
2658
4946
1568
3096
4509
5027
1242
2386
4498
758
2969
18
3508
4781
3266
2068
4960
3854
1578
2094
734
1902
59
2256
2434
575
235
734
2537
760
795
3147
586
2364
1123
5095
223
317
313
4722
4148
3283
4740
488
896
2886
509
737
1621
39
783
307
1941
842
2563
4375
1417
750
3062
1906
1510
3857
5053
2097
1101
4128
24
4397
4446
338
3999
1426
1573
3619
4986
2469
4457
375
3206
4030
415
1942
4337
2356
736
4853
1612
2154
483
2626
4060
1994
1363
1946
2043
417
954
19
4814
3352
3429
3693
4778
5002
144
4645
304
2553
2972
1462
1464
3387
3404
681
3696
4141
3486
188
4247
3970
2814
1139
3916
2129
3085
3911
2546
4040
1882
192
2272
192
1837
5003
3146
1981
2480
3450
2487
332
4913
3951
3720
3197
2584
248
170
951
3508
4417
2873
4274
437
4741
1283
1474
1484
1782
394
3366
1974
619
3558
1764
502
1585
1697
2982
2987
4184
3314
2780
3015
4986
3930
480
114
4100
4503
3622
1350
208
2776
4859
4949
2012
1213
4385
3794
1608
2631
3720
2227
4142
364
2729
3679
2062
3663
1546
1126
1857
4327
2094
4796
1089
526
4910
69
5029
1365
4491
117
2093
4230
3018
4105
324
2283
2779
5004
2866
4452
63
1888
4816
2792
447
4830
4407
5066
837
1144
4273
2931
3892
3314
3457
1635
1335
1318
3000
707
4507
5093
4937
357
4079
3213
592
4810
3097
3458
4142
3160
227
1791
3904
3746
1501
3191
3692
2338
2288
797
3221
1060
4111
4630
647
3399
3900
3647
4106
1239
1573
3923
1596
3604
5089
2188
3294
3066
3599
269
1107
1778
2060
5011
404
1513
1035
2049
1804
3323
798
5025
2335
2862
2488
2983
1141
1268
4582
127
460
1035
2002
2056
2591
1971
2197
3838
5038
676
4107
4097
2454
4119
1940
810
512
927
811
2316
2202
1610
174
4538
4472
2662
353
493
1882
2887
3692
294
1875
574
2351
4466
498
2500
3184
3488
1128
123
2465
3582
2194
2357
2344
2707
3285
3156
2975
367
4766
3149
2857
2070
3763
1162
2563
3598
4050
1135
3892
805
4781
4195
151
3231
1575
1288
1599
2703
4483
2016
4237
1558
2326
1462
4265
491
2570
2120
3930
168
3222
1668
2238
4937
2830
4801
3415
1760
3888
140
517
1501
4335
3741
4733
3863
5029
4284
4518
4392
4253
3636
830
1459
3050
3047
1950
3572
3120
760
3740
4294
380
858
4111
3211
539
359
2923
2379
499
3441
1832
2786
14
4517
1529
5043
3682
928
2267
2815
2516
1050
4274
446
2049
4176
4018
49
4936
2638
2295
3269
1448
1287
1360
1987
4718
2235
2318
97
3628
4150
835
3642
3548
2365
1517
62
1245
1737
829
3761
2787
5103
2159
4836
4159
4129
2838
1927
1647
13
76
3095
4372
4508
3034
3970
4696
3304
2019
1156
286
2855
4799
1786
3172
4268
1848
4417
885
2677
1010
3672
612
3169
1341
2723
2178
2131
2603
1777
96
631
2824
4469
3092
3810
1271
2668
5066
1243
3824
232
2050
1455
2019
3174
604
1819
2471
1489
2449
1433
3114
3061
4602
4455
3737
4732
1466
1220
4461
4634
1851
2165
3983
2895
3927
3207
443
3873
2402
2220
2057
2404
1627
4076
458
2231
3848
2929
1673
1177
4362
4787
2190
1796
2074
807
4480
1492
5099
3821
1006
4903
3938
2942
2678
2745
1029
3122
4570
1383
3294
1507
3787
4921
3536
4245
5105
2264
6
1658
3441
2320
1325
511
2068
3399
4391
1428
4891
4370
129
777
4153
2019
1671
1712
2716
652
2786
2166
2035
960
1625
3774
3833
41
2899
3818
257
857
356
3698
3177
4753
2162
125
984
1433
4625
3827
3755
2706
4605
2789
4725
4228
2453
273
4881
119
2439
1796
4151
2017
451
2864
10
1302
4635
268
2160
4991
3966
3289
2577
4080
3415
3561
393
872
2269
4149
3579
4826
4890
1136
3934
2223
1410
3695
294
1801
3444
4445
3818
3895
141
3829
3149
4776
4097
189
2600
895
3479
57
4976
4846
3618
3321
598
3839
302
2129
3545
3144
3266
312
247
4676
4007
541
1357
2331
2938
56
4178
3080
1837
2208
2736
3886
349
216
4781
3828
3345
2589
1506
4916
791
57
3635
4165
2186
13
2190
332
325
389
5008
4332
4003
4318
4616
1821
2326
1626
4901
4163
3834
470
2929
2136
3758
542
3916
1984
3132
303
1780
1875
360
3367
3992
498
3380
1062
3903
3705
4524
1743
870
3407
941
3438
108
3267
5064
2962
262
1731
3432
3191
3867
22
1686
2663
2006
2770
918
1738
2597
4350
3058
1469
4849
1318
484
3632
2976
5008
3327
1798
3295
4269
3188
3403
2416
1084
4317
631
2815
2629
1774
4634
2652
3460
130
2610
1110
1048
2301
3707
3351
239
3129
3080
4629
3613
4664
437
1453
2871
187
4748
5092
3375
983
341
2412
181
972
3179
762
2746
2694
1366
4159
776
1929
149
1824
4230
1809
55
2421
2890
1087
5002
1383
3703
3392
788
4527
1531
416
2451
2859
4471
2792
151
2604
1716
3330
3367
4463
3976
2685
3502
4752
4614
1603
4529
1676
1364
2536
4097
4254
1576
1932
3589
159
3276
4377
2638
4807
2745
3042
2546
2097
714
2697
4701
2431
908
900
4846
2836
3586
1180
2469
3080
735
1878
4757
2100
4414
1686
4306
870
1570
2776
4102
4846
5105
4692
4534
2731
2614
5032
2780
1281
2610
313
1664
1470
1214
1390
4306
2752
522
4727
712
1257
1485
3421
1309
780
3060
496
4722
4630
3272
3704
2309
1209
1229
4795
3940
3843
4707
1600
4
149
1914
1668
1619
1080
1010
3878
3832
1532
3485
2496
742
4971
798
2051
3703
1810
2547
1257
4392
3771
2914
1581
4981
4143
1256
1753
818
3916
1306
823
4065
1172
443
3637
2252
4526
2395
4036
938
760
1412
4752
3683
162
1684
218
1972
2183
4548
1245
3907
2342
778
3768
4437
5107
3473
135
3903
4779
4030
2848
831
2426
1365
1035
1832
1712
5071
722
425
4436
355
4108
4598
2039
2279
4523
2174
1707
3720
961
2001
2450
2681
1318
2437
1035
1453
1220
3766
3436
2021
4598
742
1338
3585
2574
1003
1489
3296
1428
805
3651
3488
3355
3642
3719
710
697
306
4430
4730
2307
4833
2292
1577
2150
3327
3031
1323
1973
1347
1296
4523
2089
586
2989
2615
1589
4478
791
3017
3235
4443
4458
1470
917
3057
133
1614
1316
2515
1225
1575
2228
1469
3153
4379
4796
4136
3654
4721
3435
4950
2077
3476
416
3018
971
2006
328
1762
2975
3563
4157
2313
2985
5075
251
3118
4641
1567
3586
3818
3142
694
167
4247
5073
4963
3263
3607
2517
1578
1389
2546
5054
1806
444
905
1764
772
620
4739
2287
4777
5005
3224
2684
136
4295
2206
4775
2761
904
749
3455
1072
4997
1361
3987
3140
2920
4456
2671
4310
1882
2605
4068
2326
1463
712
1050
2083
331
1289
4812
216
2466
2377
3424
1641
4583
1031
2354
3439
1781
3761
4511
4730
2
1331
702
875
667
3373
65
2550
3931
2085
2828
3346
2797
1831
309
1080
1072
3073
4369
3538
330
2673
3131
2865
1657
3437
4257
1390
2079
3648
1000
33
2931
4774
908
3599
980
4045
4101
2863
1010
4881
1089
1759
1592
4470
2840
617
2423
2089
2107
706
2714
119
1523
2323
1508
660
3713
3587
2261
2665
3621
72
272
2481
1623
1252
1407
604
4115
369
366
84
2129
5030
4554
2921
527
4929
5010
2635
515
556
706
5111
2880
2214
651
4545
682
864
43
2255
937
315
4736
512
1567
4095
1117
3634
4465
1483
3718
4546
1393
1104
2347
1921
913
189
2508
4501
3817
3214
4492
4649
308
3095
4075
4062
1912
2070
1197
801
2385
3886
1313
3952
2861
2430
418
158
1865
4136
4704
3259
3192
5003
3132
2057
72
3592
1438
1842
1686
3882
1371
5066
4930
3398
4009
1722
348
3158
475
685
1924
1788
2589
2738
4219
3007
2896
964
5095
433
2175
3167
316
3259
105
3461
1731
4615
3255
1369
1330
4626
1316
4212
857
3277
3886
4277
1315
4361
4963
1192
1029
2432
3930
3200
320
4778
2117
295
91
2244
1415
3480
384
1520
4893
67
4087
3028
1437
297
2534
2753
2461
1343
910
1227
501
177
468
3416
4441
4570
728
1203
2650
4120
862
2719
4416
4025
4964
3783
337
3300
3255
110
3367
2222
3138
4804
472
3625
2437
2933
4968
1299
4161
3421
4549
4629
1717
3870
4079
2446
3026
4682
4518
3888
2281
1766
745
77
429
1083
3377
3684
4265
1625
787
2284
1309
4331
789
1699
2144
3709
950
1185
2011
3451
3767
3728
2202
678
4126
108
240
3525
1948
474
171
645
551
601
4800
3929
4285
3946
3506
3024
4182
4815
2235
4971
4466
4380
3560
3369
3517
3523
1700
116
2132
1854
795
4210
1962
4107
2615
1862
2533
739
460
1037
1340
140
4966
3577
2038
1304
4554
1100
4071
1669
951
3418
4001
2464
4739
351
867
1319
467
951
3174
4334
42
3088
1274
609
2903
1759
1348
3363
2796
640
1455
594
2170
3494
1898
1604
4594
850
3273
3498
2220
107
3914
1839
458
2733
3158
3997
3685
4284
1164
1679
2253
2438
2288
3108
4197
1589
1351
4946
2229
758
420
4399
4252
2319
883
1679
3169
2109
57
269
2216
1923
60
626
4656
3218
4623
1173
335
667
2852
540
1057
3093
3648
3207
4682
2951
3033
4863
3709
1405
4143
2842
3724
2978
2473
4845
3039
482
3066
3207
2405
3126
3833
1941
4297
1289
3115
4632
5028
3919
52
4038
1892
3700
2125
1454
1531
3110
4270
3192
4515
3293
3986
1072
4223
1339
797
95
1821
3864
3302
2178
4942
5088
2072
4119
4329
3139
3631
2189
1938
1635
1107
1783
215
1184
1189
4818
4294
339
843
1642
1584
4829
2714
688
1049
1463
783
822
3279
2037
953
3102
2005
3025
53
4286
1044
1637
1356
934
3272
2463
2717
1440
1600
3907
4210
3846
4246
5053
368
711
4763
1034
4471
3764
2498
3206
2538
657
3195
3491
3759
3153
4468
3813
2319
3464
3402
3675
4399
1554
4091
5068
2994
571
1807
37
2369
934
5090
2738
4717
2685
1724
2020
1329
4222
3178
1820
4880
1253
191
1471
4406
2612
3236
1606
956
1518
3233
3307
1025
2204
3256
1971
727
5063
2008
1049
3949
1979
1739
1498
2616
3463
3518
1898
2566
1576
3718
278
782
1861
4821
68
4473
2938
4746
310
2408
2860
3617
3433
3016
4825
285
1696
4769
2293
2745
1550
2224
4484
3049
2793
2827
1447
4691
3345
976
3289
3623
1758
30
1277
4898
2456
4215
4525
718
1503
2265
2287
2889
161
1993
3174
1857
4714
3419
2554
1144
3596
1918
2145
1269
2698
1545
3912
923
2521
2081
2499
2231
63
3776
2009
471
823
1414
1189
278
1631
3477
1119
1793
350
4293
1602
3016
545
2109
2112
2093
4027
4258
1314
4677
683
106
3553
1156
139
932
3387
202
2660
3348
674
1435
4763
4935
4785
1274
3292
785
1019
1594
3030
574
4610
3575
2683
4675
3620
4662
3813
4934
4220
4496
2992
2653
532
3131
1537
1871
3334
2149
99
1960
1536
2814
1775
1201
2041
3020
1986
1012
2566
5017
1586
9
1424
2221
4684
5045
4836
3377
2811
3936
705
684
4541
4309
1767
4030
1060
5101
4131
4231
5013
547
1926
4741
1748
3967
593
1687
2931
3159
1584
2470
3168
960
4691
684
3957
4407
2013
1649
1175
2718
285
3668
1907
2052
2578
919
5106
1589
31
2951
88
5029
524
1837
1828
1117
3524
4759
2229
3060
2109
3349
4020
4753
4034
2858
1992
927
2459
1120
3646
696
4788
3505
700
199
2377
686
4860
2408
1590
4949
269
2114
4738
2097
3232
1094
4808
341
4154
1798
3690
1006
4503
556
1816
1375
1484
2227
447
3082
875
116
4539
1576
3387
1796
214
3127
4204
1804
2956
4473
3919
526
4522
5103
1620
4211
3396
3726
3961
5038
2685
3344
475
4501
2671
5031
4681
3119
2993
436
1187
2412
5084
4574
2161
179
2581
1245
5055
3490
3671
1806
4016
1025
1789
517
116
3137
4243
2029
3056
1808
3325
1483
4262
877
4466
1775
1948
291
163
3135
2703
128
2589
2816
3379
3122
4062
3314
1492
565
1
389
4662
4862
906
2731
2880
3101
4760
3888
2862
2966
3323
5076
1795
2669
4803
3743
2960
4966
1758
3615
3046
2299
1312
1305
301
3326
4620
1794
1843
4621
135
1385
4363
4113
4116
75
2094
1709
3963
2908
4675
118
816
1350
2787
499
3045
627
346
4803
4243
3392
5054
3507
4698
235
1713
2150
2029
3556
4723
2164
4941
1918
4229
1890
1994
1204
3599
3909
2064
3154
4028
2881
2456
1695
3380
381
275
1678
3136
2470
5071
3070
857
2601
1257
2570
2703
1239
4078
2306
1355
1851
4224
465
3741
4170
1669
2220
2960
1685
3326
4940
4566
3734
1515
2827
2067
4862
2457
83
2212
2408
1105
3069
2961
2363
3591
544
3602
2549
2850
2909
4401
5027
3374
3022
4077
2995
3195
1917
4681
4473
1737
4127
3088
1205
4906
35
947
2244
3191
1112
2604
4296
4181
3518
4611
605
4062
1045
3154
4865
3955
387
4772
2209
1362
3729
85
4557
3599
4766
3910
3288
1725
4950
2445
4584
4986
1345
4780
3057
2457
2264
185
4590
662
2749
75
2677
3794
1182
2422
581
1569
26
2791
2931
1707
828
320
186
3546
2183
1427
151
2013
3872
2687
4951
3169
2347
840
506
4612
1026
5097
3226
1727
3124
783
401
4306
1157
4055
3828
1183
4798
4711
2891
506
2984
1029
4052
47
2456
2155
12
4281
2795
4964
2330
22
684
2837
4634
4782
766
693
1389
3890
1476
4863
1029
586
3798
4857
1769
3476
4448
4660
1934
2312
570
3938
311
978
4045
324
139
1720
3240
422
1743
1876
3259
4329
4611
1977
5022
880
3819
4451
3695
4848
5037
2373
4585
4758
3801
1866
2251
615
2130
773
4553
2442
1751
3479
718
4963
79
1910
265
1822
3786
1476
4104
3277
3453
4006
2110
104
1289
685
4953
4278
1011
2370
3917
4812
2188
1048
308
4319
1821
2813
4713
1524
4244
311
4439
4324
173
4704
4098
3959
4132
3082
69
417
5041
2179
522
4282
816
