320
103
6
297
115
273
255
266
172
169
141
122
107
50
59
163
6
60
66
212
56
91
168
167
269
182
90
302
163
307
95
9
282
102
178
269
247
113
216
291
282
229
93
261
279
24
297
158
84
235
50
13
6
91
180
276
273
142
130
116
1
225
125
284
7
176
105
126
289
193
97
124
295
62
65
254
87
234
284
43
150
207
248
156
298
108
304
123
251
114
239
252
20
236
88
219
92
66
26
254
259
315
250
234
58
187
41
17
102
197
252
252
276
181
280
126
161
265
249
284
59
40
89
271
277
177
171
241
115
69
47
247
256
297
33
186
165
266
203
139
144
8
71
292
189
223
99
30
168
28
315
100
69
276
243
218
5
286
11
121
35
59
48
164
228
81
30
73
220
234
84
44
114
27
16
303
251
307
205
99
16
72
71
277
28
315
47
34
281
58
155
189
117
75
33
218
28
63
291
248
169
56
164
283
83
53
138
206
40
24
178
248
288
249
77
317
116
124
223
270
183
250
139
172
5
44
70
225
299
234
26
149
162
62
304
117
307
315
4
28
211
182
148
179
303
226
48
100
222
271
50
85
201
61
130
78
105
200
176
84
306
202
105
148
136
282
138
124
277
142
24
40
196
172
219
179
270
268
151
173
91
201
130
293
134
260
243
239
141
99
196
319
173
173
148
310
135
286
306
284
300
10
4
176
182
96
227
5
236
59
178
7
132
308
172
139
249
96
250
262
67
