10240
1383
966
8297
115
3153
5375
3146
4332
5929
9421
4282
8107
8690
9979
483
326
4220
706
2132
6136
4891
488
5607
909
10102
1370
302
8803
6707
8095
7369
6042
9062
3378
4109
10167
8753
7256
2211
4442
4389
6493
261
2839
4184
8937
1118
8404
7595
3250
2253
2246
1691
7860
3156
1553
7182
1410
116
1601
9505
7485
7644
8327
8816
9705
6206
7329
4673
8417
9724
7015
2622
9985
9854
6807
6634
8924
2923
3990
10127
3128
6236
1578
748
7344
1083
7931
8754
1199
9532
8020
6636
4888
4059
5212
2306
26
254
6979
6395
7930
3754
9018
5627
1321
3537
2022
8197
4412
6012
6036
7541
10200
5566
6241
7305
6649
1884
5819
5800
9369
1551
2197
4017
5611
5361
4275
3589
3567
9207
7936
1257
673
4666
6885
10186
8203
6859
8144
328
2631
1892
7869
543
7459
3870
7848
3868
5755
1380
9669
2836
883
9818
4805
4446
2891
9081
8035
6459
8048
3684
5668
8721
8350
2313
6620
6314
7124
4524
4594
7707
6416
2223
8251
1587
4045
5859
5456
7752
5191
2837
348
6075
367
5154
281
3258
3995
6269
9717
9995
9953
3098
6428
8063
5411
2808
2089
2296
5284
6683
10003
9653
6858
5966
1000
664
9778
4408
6368
4729
5197
6717
8756
5564
9823
6990
8823
1530
3019
6252
1285
684
9350
5665
6699
2474
6426
8789
2722
9662
3184
437
7027
7995
6404
8028
6611
5942
148
2739
8623
5346
7408
7140
8862
6991
3890
7445
8521
4861
1410
7758
5545
520
1136
2004
946
7562
8745
3668
4936
9882
2058
1724
7637
8462
7704
1960
2116
7852
4699
499
910
1868
5591
9773
6811
9481
4930
5093
2054
6340
563
7599
6861
1699
7556
5759
7213
4013
9428
1910
3655
1246
1586
9244
7660
9290
964
9776
6902
3616
8227
5765
3436
3579
5298
7
772
10228
3052
779
6329
3616
6330
902
3267
3646
6661
8433
5612
3801
8295
7219
2999
9881
6224
419
8931
5140
8147
3545
6708
4087
9310
10144
5618
2320
8104
4342
2309
916
5121
6590
2484
1212
7492
5752
2810
1865
3945
8422
3619
2000
5402
6618
9833
9578
4990
8524
2430
849
10021
9139
4936
9092
6995
314
9364
4859
2609
1433
5776
7730
5975
8260
8942
1179
1724
1513
3045
3621
7887
6664
3573
1001
994
3166
339
5984
9642
722
4786
9424
9861
9722
6228
4568
7989
5352
9428
358
4738
2916
8088
473
9128
4743
1653
613
4208
2650
4234
10047
7266
7808
809
8260
8926
1148
1957
8329
1870
6743
7513
9683
4177
1453
4012
1926
6805
1152
236
9495
4068
6277
9969
2956
780
9574
1521
2940
1984
3708
2747
9250
9468
3556
5222
8154
2657
7179
6243
2479
3682
1468
1923
7860
2921
3887
7738
7679
2991
7975
6934
7059
4012
4615
7967
2744
3949
9489
5684
3885
909
6383
2895
137
9940
8118
8291
309
3009
2247
2788
6692
3715
2663
2264
4589
6550
10002
10220
9541
5689
4866
4312
9701
9482
2040
157
1143
9481
5841
5029
150
1985
5876
287
9877
3754
6530
10186
6764
8777
2734
1168
205
5398
3432
2746
9900
1146
2726
7154
6836
7592
9418
4249
4786
9410
4407
5930
8651
8200
8911
6753
8137
4547
4992
5726
6254
9475
5672
730
8012
6359
10090
6169
9709
1234
8915
7321
2380
9593
2187
7168
4898
1366
9370
9684
536
3537
3326
7140
9689
1997
1605
5539
4497
6598
1025
8703
5833
6698
9433
1557
769
9283
7727
238
277
4354
5511
609
1660
7699
7778
6558
9065
6908
3954
7553
8397
7281
4453
5798
7230
6059
1097
9679
369
2123
8142
4154
6773
5287
5711
7542
2282
1150
5732
511
3457
9195
1121
5117
6654
6851
9627
3431
1471
3341
8937
7820
8574
3150
3378
5565
7161
4476
2956
5482
4551
859
9636
1084
4098
3060
6578
6381
4210
22
6892
5619
9217
5965
496
3584
2576
10123
4967
1999
1177
3664
9819
9751
4767
910
5076
9880
3338
5985
5123
7889
6844
2471
6925
8894
5531
1215
5035
7694
9429
1688
3073
6358
5605
1522
9942
8182
9597
4670
8133
534
6286
7713
46
813
8623
3074
454
9913
9059
5577
7562
3615
8048
2199
2270
1292
3414
5257
8986
555
4897
10011
6913
263
1293
4568
8445
651
7190
6338
9377
3236
1763
7375
4050
8338
210
4504
8011
7221
8033
3285
8789
3793
5484
9011
5085
6850
4028
1783
7405
8926
1555
4079
9189
800
8647
5346
9643
5597
9636
8781
6785
1160
5916
595
7450
4078
3051
5222
9252
9036
6459
7801
2590
1704
6572
5627
8554
360
5363
3672
7238
4870
5703
6187
5670
4110
1293
5074
7659
8882
1567
4204
10042
5435
2752
5204
9514
5803
8378
8526
4600
4598
4039
5142
6302
8563
8721
2568
8923
3844
4192
5922
8714
9895
10061
2097
3765
9307
7171
9376
7949
8738
3341
5703
3933
6093
667
1159
9848
9046
7637
2160
3404
9628
5254
7658
7951
3736
8178
6635
5532
2131
269
1959
1786
90
4056
3504
7349
9179
2640
5058
5629
3933
521
7514
7978
1189
6626
7587
8187
4023
9747
1351
3412
4762
6961
9315
6450
4899
5710
9934
7030
3931
1653
8817
1974
3661
2081
9323
2600
2673
4142
6181
6607
2615
3456
4345
3804
10082
1692
1751
1817
9392
1054
3181
1866
8015
2257
6268
2675
5919
5962
7657
7803
7616
6234
9777
9229
6267
6812
9782
8941
8906
5723
3260
1282
7131
7605
5086
4925
7250
4790
6743
4354
3796
7876
6220
1572
8085
2248
2199
3765
8210
9856
9520
3538
3803
9057
2528
8022
3581
2070
4675
2248
5745
7935
3530
2637
3253
6568
7562
263
9310
2017
4617
2867
7846
8789
2391
5691
8989
4590
7408
6959
2158
6688
8450
3913
3457
8930
1696
7039
8952
6371
9287
4457
2019
2577
5046
5272
7097
321
5535
6168
2338
8104
9035
8136
4605
1186
3588
3354
3728
8948
73
3838
5397
6475
7752
8854
5165
7400
3605
3877
1483
2652
6287
3502
3181
1093
8774
39
1414
2021
4159
1705
8077
2954
9841
2442
2092
1141
5796
3772
10090
3822
5562
3199
57
3074
1813
3175
8426
3371
5004
9910
6023
1051
3172
7157
97
9899
5148
1511
1680
9307
3216
7710
2021
770
10152
2065
1911
5709
5837
1761
7483
9351
2912
7540
2186
2678
8667
8564
6049
3432
8234
10024
2435
9359
6941
2532
9018
1849
1996
8650
916
3164
6120
889
3934
3985
2954
5846
7646
6743
5559
4889
5855
8472
141
5993
910
8809
2269
4911
10193
264
4695
2388
7575
1397
2873
6353
1198
4869
2715
2115
8033
6788
956
9920
533
1863
5526
6131
6558
9037
780
125
5221
921
4070
4083
9730
6340
8994
7635
6604
1402
10024
3939
2799
609
8244
1949
5478
8911
2016
1223
5459
2973
903
3944
4836
4381
10075
9346
1131
8807
9472
6352
9729
3302
8388
7171
9642
5094
4567
3958
6496
2303
7897
7247
2912
3853
9197
6342
2525
973
5517
5936
1898
6421
7833
4686
8754
5620
3793
9885
4188
3025
3950
1629
4279
2098
8800
3682
5144
1079
7640
1401
3382
3250
6600
4246
7103
3509
8540
9628
4483
3818
3277
4333
8191
870
9020
6705
6490
2573
6351
438
3550
61
2067
7829
111
8820
9463
5255
9899
6864
4608
994
8066
969
3192
4929
2430
1493
2270
6913
3263
5547
9199
1214
4369
7979
5871
619
8504
1982
9250
10006
10235
9269
7595
106
5801
4771
3314
3413
9587
7922
4407
7413
6843
7599
2102
9274
7044
2324
3899
8259
5823
2858
9473
10192
8789
5105
8764
7053
5039
7774
6819
5035
4755
2127
3093
8509
4850
6407
1682
4197
2042
6089
1370
8885
1400
1424
5871
6397
3749
7723
4416
9572
341
1602
9525
7083
4659
6001
1848
9698
1487
6620
2445
6242
8747
5539
4511
1309
1706
6193
5506
3748
10234
6876
346
9587
6252
6217
5744
10001
3700
10160
7286
1994
9714
4523
9077
4133
284
8877
3592
1771
5257
3989
5965
1716
9528
8429
3025
995
4382
8531
2695
2329
3119
3041
1676
9372
7211
7420
7085
8863
5292
4131
8809
4767
6606
5598
6852
6890
4236
204
6613
9493
2146
2339
970
1434
528
3995
381
2862
239
3077
3143
3358
4070
4819
442
9233
10191
7528
7857
5244
9611
6426
7963
5978
1785
4575
580
6021
2732
5146
5274
4878
7485
4196
6312
5965
8192
4646
6779
8431
7723
9923
9741
9745
4502
8136
8739
4454
5424
6356
7650
2747
494
5373
6677
2279
7900
5210
6252
392
116
9479
5270
5553
3435
9535
1278
1387
3941
8057
7770
9616
7740
5224
9121
2003
3120
5572
4409
6496
9880
1819
9243
135
5144
3633
366
2804
8843
4571
1149
6911
3810
6419
2224
7245
3666
3502
6585
5559
9511
2067
2887
4964
7291
9961
4919
171
5293
9328
6667
4934
9099
3623
3021
4003
5208
3387
4759
1763
7958
5908
8674
9720
40
658
6726
1658
2112
1023
7218
9575
3090
10105
4299
142
9826
9218
8505
2832
6258
4933
7766
5117
6508
547
7072
1476
1886
1592
3239
7797
7500
1673
7277
5492
283
1715
7151
347
2738
4129
7874
3781
1946
1934
3923
9725
9104
2188
2317
5123
5073
8035
0
1341
6534
5025
2817
8420
6617
4008
3929
1829
3633
9159
5274
3916
634
2185
2215
1325
4266
10090
5106
6212
9976
9029
3649
6792
9169
5966
1675
1955
1713
9868
3296
8247
4653
4066
4380
9222
6026
8309
9003
9660
7228
4037
3336
5815
6222
3504
7140
8440
1306
10198
2365
9234
6939
6014
5786
5868
9933
7462
7823
1406
5042
9072
9654
7647
850
3794
6629
6876
10055
3344
6296
7044
7382
7585
571
1316
9041
5663
9757
107
5621
1882
9341
2320
5848
2839
6140
5541
8253
3724
6948
3055
508
6362
462
9550
10156
5043
6186
9971
6340
195
4727
1434
5732
3250
2750
4533
8913
219
4640
4294
53
1693
6614
5902
2484
2515
1203
498
4191
8151
3553
2651
2225
1968
1961
93
4963
6099
8017
9255
6294
2504
449
1786
3707
1152
4271
2380
1371
6863
4627
9617
8556
9193
5279
801
9660
4434
9491
3611
298
756
4214
2523
2724
4127
2617
5640
10227
394
4655
4233
850
3057
3972
2509
4209
8243
4890
3532
4867
7469
2909
1135
6422
6140
10128
5843
335
9379
7406
8825
10136
9573
9300
572
3460
1677
4164
3447
23
8820
7681
9066
1637
9605
9527
3798
7608
2129
7330
187
9598
0
1323
5781
6140
9403
9576
4427
8543
6742
3012
6391
6075
2073
6963
7488
1702
888
695
9918
7660
6328
6696
7249
5693
5983
807
1014
8113
8137
1201
5423
6089
476
964
10182
9880
8492
4369
6135
2947
5334
2286
6974
5359
7201
4222
5013
6041
4918
4691
1413
9198
9339
8662
2604
3035
7421
1570
9100
3271
723
4283
9360
1200
3200
9302
9032
1452
1384
4927
4399
6718
5165
1134
1837
78
5356
6850
6120
8226
9494
7533
5137
6545
3908
7741
9580
1089
7263
8440
2312
7986
2484
1433
7138
3636
8687
5930
5088
10071
8809
9488
4501
1686
8574
6338
1765
3690
901
7885
9869
8347
3130
4766
4652
7038
219
1945
6080
7482
8337
8392
5228
581
7777
2127
2169
4177
6009
7258
4008
4579
4458
8510
6265
2792
2560
5982
4434
1413
3627
4063
9760
4710
6781
2125
1508
7000
4070
5540
2194
2167
1645
7423
701
7374
7502
2870
1311
1223
8080
5320
3754
2298
1542
7972
5090
4102
3714
9525
3468
5294
1300
2988
10004
8082
3065
9464
4842
5087
4765
7037
7255
4362
2172
5908
1496
7626
6730
760
8849
4571
4032
316
6869
5574
8288
9912
7628
1762
9197
9048
7056
257
1797
6820
8339
2814
6045
894
7902
8762
5883
2869
836
8055
8777
284
3393
3219
1044
10194
7790
5076
270
2372
8602
8558
2044
3943
81
1001
2751
5089
9450
2500
1670
5502
5315
5667
6396
929
2141
2039
3798
2977
8046
2335
3261
9391
5554
2258
9345
1057
5286
9616
3429
1601
7934
5473
3496
5967
4426
4199
817
3636
6700
439
7090
9967
6106
3246
8848
8247
3237
2406
9176
9235
2693
2197
8386
6199
2407
7492
7256
7694
4820
8637
9295
2514
3870
2551
8482
6248
6750
7251
9885
1162
7690
4687
9081
3556
7934
7689
9755
9123
10095
8691
6071
500
8840
4217
6700
1008
9661
3716
6654
4241
2114
5709
4708
3936
6212
902
10185
2722
8153
7782
1837
5603
2229
8870
7111
8115
6320
6626
6999
4127
3029
782
4628
1629
4999
1088
589
2373
2756
7243
4566
4870
664
9274
6759
6876
10176
6704
7551
8089
2198
7340
1404
2379
5970
8515
255
2050
4901
5206
4130
5882
5988
8758
5464
8939
7798
6053
9264
314
1009
3591
3137
9865
577
9896
6502
514
4312
1765
6555
6510
9105
5912
8889
2787
4187
7096
4838
7041
2062
6920
2683
6002
5438
8147
2654
2996
1913
1678
3310
874
5269
6447
499
5847
4055
7001
4313
8367
6718
8820
2589
3535
4492
9431
6323
6632
6287
9113
3433
6302
5793
4068
16
991
1976
2670
1939
1841
4349
3201
2715
7570
9649
3214
1129
1416
8168
5442
9784
4646
1975
2133
6134
6467
1324
2217
811
5564
1090
4244
9818
6883
8313
9834
5826
8241
2265
7765
8034
4566
726
509
1896
8327
1675
3026
9744
9843
6420
7240
2202
8395
9373
6288
2575
8650
8505
3386
1926
7547
5583
1504
4190
1608
9290
7968
7801
1315
5493
5595
5881
4171
6104
5730
211
5731
6708
9955
3287
2888
6955
3441
9236
4040
9729
1571
402
7994
2909
280
5301
6444
1784
7443
8052
835
5171
5613
102
8616
9160
3936
499
2976
7618
710
8708
4086
8617
1755
6974
3284
5196
5970
7325
4685
5493
5679
391
6355
5960
3644
2559
5696
847
8564
4483
3970
1889
4586
2346
810
6474
2845
1738
3852
1508
206
7938
10125
10153
2624
3170
3061
6547
8447
5698
1800
1838
6089
6107
7798
9733
6619
1207
8532
2895
5690
2262
4784
8228
2560
3546
4462
5406
5285
6266
4866
3443
3964
4751
3357
4541
5873
4370
848
2032
10069
600
3871
3870
6708
9621
1316
3087
588
9848
5982
4231
10063
8718
2219
2383
2025
4634
5741
5262
8852
367
6657
529
3071
10014
5070
8944
2097
5918
737
1926
6518
2560
3748
2986
1941
5064
4025
482
2625
7959
4713
2448
6438
4884
2783
6415
7470
8525
9629
6083
6844
6046
6612
9915
3773
1442
8620
5870
7360
7309
5748
1590
9869
9496
4577
9762
4321
6554
4
4898
4274
2669
5298
8664
7554
8081
4839
2736
4318
2180
8819
923
8226
3143
598
1759
4585
7170
5581
9897
2191
1089
1248
10012
346
3777
9535
2619
8283
9539
5469
2317
1969
527
8933
7475
6560
1484
10211
639
3664
8791
9754
9843
9886
8304
1362
4232
3187
4896
1841
5378
5985
1041
5151
4283
2770
4446
4854
814
1697
8275
1083
1618
8802
10017
9093
3075
9453
7017
3714
2878
3520
1180
2481
3166
9484
1795
7398
383
6691
7192
5762
389
6185
8865
2624
8956
1023
5431
7722
2720
3466
8805
2291
2029
6534
1144
3056
5748
8161
6770
6578
1441
5902
9059
4608
3098
8806
9958
3482
3210
4862
9244
3599
808
5821
4175
7716
6844
9606
5198
7516
2833
1715
9807
2814
6202
8904
5870
9902
4777
352
6240
4171
4206
3011
8779
7304
9769
6449
546
2739
9264
7742
4290
10072
3323
8466
7548
8119
7832
458
5396
8617
2173
2915
9383
8375
1579
2965
5989
6357
1269
1989
8480
5475
2952
4971
2540
2482
1180
3086
3173
8396
589
7464
8228
1864
5690
3488
9984
1234
1898
3092
7804
4072
6007
6947
159
5539
9913
6149
9848
9134
6090
8088
4370
6995
2819
6910
7429
1951
7948
362
108
8537
7826
6288
8354
1228
7729
8098
2463
9627
950
27
1411
4909
4926
9763
8400
2551
3624
8008
1446
7666
5856
5816
4421
6627
438
9802
8579
8386
10165
6639
6684
5703
2687
4798
6932
8368
608
7347
7756
9750
7374
7119
2371
12
6642
532
2564
26
8540
1962
7693
2109
7778
10066
6688
8216
9629
5027
6362
7506
9618
758
2969
18
3508
9901
8386
2068
4960
3854
1578
2094
734
1902
59
7376
2434
575
5355
734
2537
760
795
8267
586
7484
6243
10215
223
317
5433
9842
9268
8403
9860
488
6016
8006
509
737
1621
39
783
307
1941
842
7683
4375
1417
750
3062
1906
1510
3857
10173
2097
1101
4128
24
9517
4446
5458
9119
1426
1573
8739
10106
7589
4457
375
8326
4030
415
7062
4337
2356
5856
9973
6732
7274
483
7746
9180
1994
1363
7066
2043
417
954
19
9934
3352
3429
8813
4778
5002
5264
4645
304
7673
2972
6582
1464
3387
3404
5801
3696
9261
3486
188
4247
3970
7934
1139
3916
7249
8205
3911
7666
9160
1882
5312
2272
5312
1837
5003
8266
7101
7600
8570
2487
332
4913
3951
3720
8317
7704
5368
5290
951
3508
9537
2873
9394
437
4741
6403
6594
6604
1782
5514
8486
7094
5739
3558
6884
502
1585
1697
8102
8107
4184
8434
2780
8135
10106
9050
5600
5234
4100
4503
8742
1350
5328
7896
9979
10069
2012
6333
4385
3794
1608
2631
8840
7347
4142
5484
7849
3679
7182
3663
1546
1126
1857
4327
7214
9916
1089
526
4910
5189
5029
1365
4491
117
7213
4230
8138
9225
324
2283
2779
10124
2866
9572
5183
7008
4816
2792
447
9950
4407
10186
837
6264
4273
8051
3892
3314
8577
6755
6455
1318
8120
707
9627
5093
4937
5477
4079
3213
5712
4810
3097
8578
4142
8280
5347
6911
9024
3746
6621
3191
3692
7458
7408
5917
3221
1060
9231
9750
5767
3399
9020
3647
4106
6359
6693
9043
1596
8724
10209
7308
3294
3066
3599
5389
1107
6898
2060
10131
404
6633
1035
2049
1804
8443
5918
5025
7455
2862
2488
2983
6261
1268
4582
127
5580
1035
7122
7176
7711
7091
2197
8958
10158
5796
4107
9217
2454
4119
7060
810
512
6047
811
2316
2202
6730
5294
9658
9592
7782
353
5613
7002
2887
3692
294
1875
574
7471
9586
5618
7620
8304
3488
1128
123
2465
3582
2194
7477
2344
2707
3285
3156
2975
5487
9886
8269
2857
7190
3763
1162
2563
8718
4050
6255
9012
5925
4781
4195
5271
8351
1575
1288
1599
2703
9603
2016
4237
1558
7446
6582
4265
491
7690
7240
3930
5288
3222
6788
2238
4937
7950
4801
3415
1760
9008
140
5637
1501
4335
8861
9853
3863
10149
9404
4518
9512
9373
8756
830
6579
3050
3047
7070
8692
8240
760
3740
9414
5500
5978
4111
3211
539
5479
2923
7499
5619
8561
6952
7906
5134
4517
1529
5043
3682
6048
2267
2815
2516
1050
9394
5566
2049
4176
4018
49
4936
7758
7415
8389
1448
1287
1360
1987
4718
2235
7438
97
8748
4150
5955
3642
8668
7485
6637
62
1245
6857
829
3761
7907
10223
7279
9956
4159
9249
7958
7047
6767
5133
5196
8215
4372
4508
8154
9090
4696
3304
7139
1156
5406
2855
4799
1786
8292
9388
1848
9537
6005
2677
1010
3672
612
8289
1341
2723
7298
7251
7723
1777
96
631
7944
4469
3092
3810
1271
7788
5066
6363
8944
232
7170
1455
2019
3174
604
1819
2471
6609
2449
1433
8234
3061
9722
9575
3737
4732
6586
1220
4461
4634
1851
2165
9103
2895
3927
8327
443
8993
2402
7340
7177
7524
6747
9196
458
7351
8968
2929
1673
1177
4362
9907
2190
1796
7194
5927
4480
1492
5099
8941
6126
4903
9058
2942
7798
2745
1029
8242
9690
1383
3294
6627
8907
10041
3536
9365
5105
2264
6
6778
3441
2320
6445
5631
2068
3399
9511
6548
4891
4370
5249
777
9273
2019
1671
6832
2716
652
2786
2166
2035
6080
6745
8894
3833
41
8019
8938
257
5977
5476
3698
8297
9873
7282
125
984
6553
4625
3827
8875
7826
4605
7909
9845
4228
2453
273
4881
5239
2439
6916
9271
7137
5571
2864
5130
1302
9755
5388
7280
4991
9086
3289
2577
4080
3415
3561
393
5992
7389
9269
3579
9946
4890
1136
3934
7343
1410
8815
294
1801
3444
9565
8938
9015
141
3829
8269
9896
9217
5309
2600
6015
8599
5177
10096
9966
8738
8441
5718
3839
5422
7249
3545
8264
8386
5432
5367
9796
4007
5661
1357
7451
2938
56
4178
3080
1837
2208
2736
9006
5469
5336
4781
3828
8465
2589
1506
4916
791
5177
8755
4165
2186
13
2190
332
5445
5509
10128
9452
9123
9438
4616
1821
7446
6746
4901
9283
8954
5590
8049
2136
8878
542
3916
7104
3132
5423
1780
1875
360
8487
3992
498
8500
6182
9023
3705
9644
6863
870
8527
6061
3438
108
3267
10184
2962
262
6851
8552
8311
8987
5142
6806
2663
2006
7890
6038
1738
7717
4350
8178
1469
4849
6438
5604
3632
8096
5008
8447
6918
3295
4269
8308
3403
7536
6204
4317
5751
2815
2629
1774
9754
7772
8580
130
7730
6230
6168
7421
3707
8471
5359
3129
3080
9749
8733
4664
5557
1453
2871
187
4748
5092
8495
6103
341
2412
181
6092
3179
762
7866
2694
6486
4159
776
1929
149
6944
9350
1809
5175
2421
2890
6207
10122
1383
8823
3392
788
9647
1531
5536
2451
7979
9591
2792
151
7724
6836
3330
8487
4463
3976
2685
8622
4752
4614
6723
9649
1676
6484
2536
4097
9374
6696
1932
8709
5279
3276
9497
2638
4807
2745
3042
2546
2097
5834
2697
9821
2431
6028
6020
4846
7956
8706
1180
2469
3080
5855
1878
4757
2100
4414
6806
9426
870
6690
7896
4102
9966
5105
4692
4534
7851
7734
5032
7900
1281
7730
5433
1664
1470
1214
6510
9426
7872
5642
9847
712
1257
1485
3421
1309
5900
8180
496
4722
4630
8392
8824
2309
1209
1229
4795
9060
8963
9827
6720
4
5269
1914
1668
6739
1080
6130
3878
8952
1532
3485
7616
742
4971
798
2051
8823
6930
2547
1257
9512
8891
8034
1581
10101
9263
6376
6873
5938
3916
1306
5943
9185
1172
5563
3637
2252
9646
7515
9156
938
760
6532
9872
3683
5282
1684
218
1972
2183
9668
1245
9027
7462
778
8888
4437
5107
3473
135
9023
4779
4030
7968
5951
7546
1365
6155
6952
6832
5071
5842
5545
9556
5475
9228
4598
7159
7399
4523
7294
6827
3720
6081
2001
2450
2681
6438
7557
6155
6573
6340
8886
8556
2021
4598
5862
1338
8705
2574
6123
1489
8416
1428
805
3651
8608
3355
8762
3719
5830
5817
306
9550
9850
2307
9953
2292
6697
7270
8447
3031
1323
7093
1347
1296
9643
7209
586
8109
7735
6709
9598
5911
8137
8355
9563
4458
1470
6037
8177
5253
1614
6436
2515
1225
6695
2228
1469
3153
9499
9916
4136
8774
4721
3435
10070
2077
8596
416
8138
6091
7126
5448
1762
2975
3563
9277
7433
2985
5075
5371
8238
4641
1567
8706
3818
8262
694
5287
9367
10193
4963
3263
8727
7637
6698
6509
7666
5054
6926
5564
905
1764
772
620
4739
2287
9897
10125
3224
2684
5256
9415
7326
4775
7881
904
749
8575
6192
10117
6481
9107
3140
2920
4456
7791
9430
1882
2605
4068
7446
1463
5832
6170
2083
331
6409
9932
216
7586
2377
3424
6761
9703
6151
2354
8559
6901
8881
4511
4730
5122
1331
5822
5995
5787
3373
5185
7670
3931
7205
2828
3346
2797
6951
5429
1080
1072
3073
9489
8658
5450
2673
3131
2865
6777
3437
9377
1390
2079
3648
6120
5153
2931
9894
908
8719
980
4045
4101
2863
1010
4881
6209
1759
1592
9590
2840
617
2423
2089
7227
5826
2714
119
6643
7443
1508
5780
8833
3587
7381
2665
8741
72
272
7601
6743
1252
1407
604
4115
369
5486
84
2129
5030
9674
2921
5647
10049
5010
2635
5635
5676
706
10231
2880
2214
5771
9665
5802
864
43
2255
937
315
9856
5632
1567
9215
6237
3634
9585
1483
3718
9666
6513
1104
2347
1921
913
5309
2508
4501
8937
3214
4492
9769
5428
8215
9195
9182
7032
7190
1197
5921
7505
9006
1313
9072
7981
7550
418
5278
6985
4136
4704
3259
3192
5003
3132
2057
72
3592
6558
6962
6806
9002
6491
10186
4930
3398
9129
1722
348
8278
5595
5805
7044
6908
2589
2738
4219
3007
8016
964
5095
433
2175
8287
5436
3259
105
3461
6851
4615
8375
1369
1330
4626
1316
4212
5977
8397
3886
4277
6435
9481
10083
1192
6149
2432
3930
8320
5440
9898
7237
295
91
7364
6535
3480
384
6640
4893
5187
9207
3028
6557
297
7654
7873
2461
1343
6030
6347
5621
177
5588
3416
9561
9690
5848
1203
7770
9240
862
2719
9536
9145
10084
3783
337
8420
8375
5230
3367
7342
8258
9924
5592
3625
7557
8053
4968
1299
4161
8541
9669
9749
1717
8990
9199
7566
8146
4682
4518
9008
7401
1766
5865
5197
5549
6203
3377
3684
9385
6745
787
7404
6429
4331
789
1699
2144
3709
950
6305
2011
8571
3767
3728
7322
678
9246
5228
5360
3525
1948
474
5291
5765
5671
601
9920
9049
4285
9066
3506
3024
4182
9935
7355
4971
9586
9500
8680
8489
3517
8643
6820
5236
2132
1854
5915
9330
7082
9227
2615
6982
7653
5859
460
1037
6460
140
10086
8697
7158
1304
9674
1100
9191
6789
6071
8538
4001
2464
4739
5471
867
1319
467
951
3174
4334
42
8208
1274
609
2903
6879
6468
3363
7916
640
1455
5714
7290
8614
7018
6724
9714
5970
3273
3498
2220
5227
3914
6959
458
2733
8278
9117
3685
9404
1164
1679
7373
2438
2288
8228
9317
6709
1351
4946
7349
758
420
4399
9372
7439
883
6799
3169
2109
57
5389
7336
1923
60
5746
4656
8338
4623
6293
5455
5787
7972
540
6177
8213
8768
3207
4682
8071
8153
9983
8829
6525
4143
7962
3724
2978
2473
4845
3039
482
8186
8327
2405
8246
3833
7061
4297
6409
3115
9752
10148
9039
52
4038
7012
8820
7245
1454
6651
3110
9390
3192
9635
3293
9106
1072
4223
1339
5917
5215
1821
3864
3302
2178
10062
5088
7192
4119
9449
8259
3631
7309
7058
1635
1107
1783
215
6304
1189
4818
9414
339
5963
6762
1584
4829
7834
5808
6169
1463
783
5942
3279
2037
6073
3102
7125
3025
5173
4286
1044
6757
1356
6054
8392
2463
7837
6560
6720
9027
9330
3846
9366
5053
368
711
9883
6154
4471
3764
7618
3206
7658
657
3195
3491
3759
8273
4468
8933
2319
3464
3402
3675
9519
1554
4091
5068
8114
571
1807
5157
2369
934
10210
2738
9837
7805
6844
2020
1329
4222
3178
6940
4880
6373
191
6591
4406
2612
3236
6726
6076
6638
8353
3307
6145
2204
8376
1971
727
10183
7128
1049
9069
7099
1739
6618
2616
8583
8638
1898
2566
1576
8838
5398
5902
6981
9941
68
9593
2938
4746
5430
7528
2860
8737
3433
3016
4825
5405
1696
4769
2293
2745
1550
7344
4484
8169
7913
2827
6567
9811
3345
6096
8409
8743
1758
5150
6397
10018
2456
9335
4525
5838
6623
7385
2287
8009
161
7113
3174
1857
9834
3419
2554
1144
8716
7038
7265
6389
7818
1545
3912
923
7641
2081
7619
7351
5183
3776
7129
5591
823
1414
1189
5398
6751
3477
1119
6913
350
4293
6722
8136
5665
7229
7232
2093
4027
4258
6434
9797
5803
106
8673
1156
139
6052
8507
5322
7780
3348
674
6555
4763
10055
9905
1274
3292
785
6139
1594
3030
574
9730
8695
7803
4675
8740
9782
8933
4934
9340
4496
2992
7773
5652
3131
1537
1871
8454
7269
5219
7080
1536
7934
6895
1201
7161
8140
1986
1012
7686
5017
1586
5129
1424
7341
9804
10165
4836
8497
2811
3936
705
5804
9661
4309
6887
9150
6180
5101
4131
9351
10133
5667
7046
4741
6868
3967
593
6807
2931
8279
1584
2470
3168
960
9811
684
9077
4407
7133
1649
6295
7838
5405
3668
1907
2052
2578
6039
5106
6709
5151
2951
88
10149
5644
6957
1828
6237
3524
4759
2229
3060
7229
3349
4020
4753
4034
2858
7112
927
2459
1120
8766
5816
4788
8625
5820
5319
2377
686
9980
7528
1590
10069
5389
7234
4738
7217
3232
6214
9928
5461
9274
6918
8810
1006
9623
556
1816
6495
1484
2227
5567
8202
5995
116
4539
1576
3387
6916
214
3127
4204
1804
2956
9593
9039
5646
4522
10223
1620
4211
3396
8846
9081
10158
7805
8464
475
9621
2671
10151
9801
8239
8113
5556
6307
2412
5084
9694
7281
5299
2581
1245
5055
3490
8791
1806
9136
1025
1789
517
5236
3137
9363
2029
3056
6928
8445
1483
4262
877
9586
1775
7068
5411
5283
3135
7823
128
2589
2816
3379
3122
4062
8434
6612
565
1
5509
9782
9982
6026
2731
2880
3101
4760
3888
7982
2966
3323
10196
1795
2669
9923
8863
8080
4966
1758
3615
3046
2299
6432
6425
5421
8446
4620
1794
6963
4621
5255
6505
4363
9233
9236
5195
2094
1709
9083
8028
4675
118
5936
6470
2787
5619
3045
627
346
4803
4243
3392
5054
8627
9818
235
6833
2150
2029
3556
4723
7284
10061
7038
4229
7010
1994
6324
8719
9029
2064
3154
9148
8001
7576
1695
3380
381
275
1678
3136
2470
5071
8190
857
2601
6377
7690
2703
6359
9198
7426
1355
6971
4224
5585
3741
4170
1669
2220
2960
1685
3326
10060
9686
8854
1515
2827
7187
9982
2457
83
2212
7528
6225
3069
8081
2363
8711
544
8722
7669
7970
8029
4401
10147
3374
8142
4077
2995
8315
7037
4681
9593
6857
4127
8208
6325
4906
5155
6067
7364
3191
6232
2604
9416
9301
8638
9731
5725
9182
6165
3154
4865
3955
5507
4772
7329
1362
8849
85
9677
3599
4766
9030
8408
6845
4950
2445
9704
10106
6465
4780
3057
2457
7384
185
9710
5782
7869
5195
2677
3794
6302
7542
5701
1569
26
2791
2931
6827
828
320
186
3546
7303
6547
151
2013
8992
7807
10071
3169
2347
840
5626
9732
1026
5097
3226
6847
8244
5903
401
4306
1157
4055
3828
1183
4798
4711
8011
5626
2984
6149
9172
47
2456
7275
12
9401
2795
10084
2330
5142
684
7957
4634
9902
766
5813
6509
9010
1476
4863
1029
586
8918
4857
1769
3476
9568
9780
7054
2312
5690
3938
311
6098
9165
324
5259
1720
8360
5542
6863
6996
3259
9449
4611
1977
5022
880
8939
4451
3695
9968
5037
2373
4585
4758
3801
1866
2251
615
2130
5893
4553
2442
1751
3479
718
4963
5199
7030
265
1822
3786
1476
9224
8397
3453
4006
7230
104
6409
685
10073
9398
1011
2370
3917
4812
2188
6168
5428
4319
1821
7933
4713
1524
9364
5431
4439
4324
173
4704
4098
3959
4132
3082
69
5537
5041
7299
5642
9402
5936
5475
8561
6947
5797
190
9712
7986
6358
2852
2065
6131
545
4730
5607
9910
10161
10047
1946
8286
2463
3996
2005
6596
7079
26
10085
10072
5277
5487
9234
9166
8914
5507
5873
4472
5697
3297
170
10007
6149
2235
3850
4647
6965
9458
2269
4838
7217
4215
2884
7632
8211
2841
1940
3002
820
1786
786
6097
5225
10021
2975
3900
5288
8849
6324
8938
10098
6494
8705
6008
6681
2316
8607
1358
9726
636
4148
4655
2803
4984
2047
8966
5777
3988
1729
6597
5774
467
407
8951
248
3382
2611
3489
10183
6887
2187
10042
1093
8844
3762
7774
920
81
7084
8598
717
992
3013
1472
5976
5061
198
1514
7001
10119
8111
487
347
6470
9438
8787
9853
10002
10228
7748
6649
2175
7550
5695
8972
9264
3229
7844
9345
8266
6203
8014
9258
7168
9486
4995
10181
7637
4461
6942
5468
284
5381
5815
6755
4580
2315
4320
4342
2303
1828
8943
2431
7331
4398
1163
4307
5580
6959
3413
3606
2922
1187
2624
10091
8626
5571
7984
6023
7984
4687
9443
8269
10068
2971
2736
2360
5286
7056
6702
5541
6836
3358
5924
1879
7756
5039
6187
3096
1759
7552
4654
4681
6691
7279
2484
5077
562
229
9052
8547
2868
8256
4528
648
987
7264
3009
4225
2032
7663
9766
6820
8973
5451
8700
6490
250
2599
7538
2009
10151
1953
4643
4554
7184
5079
7584
5698
3260
6396
1957
6128
2364
6485
4729
1303
3509
7738
3480
5541
3113
959
74
1847
4362
6726
6289
2564
9325
1539
4574
7188
1444
7169
1502
6580
10200
9086
2039
3221
3195
3996
9349
3511
242
1790
2767
1703
7480
6247
5197
354
5158
5271
153
9520
1757
6442
1845
842
5933
4371
5982
7378
1300
5436
3718
1260
4283
5757
4481
5430
7706
1543
6893
5900
1285
9660
7603
8766
3620
2560
7072
8778
5783
7225
8059
7540
1379
7856
6334
7312
1987
2076
4450
3287
5465
6121
2499
7700
9830
4933
2890
7296
4428
7735
2956
5713
7156
8512
2191
8728
9024
9263
5218
4568
6248
989
1868
5579
8845
6155
604
592
6183
5054
1831
1408
9127
2283
9108
8718
7216
9950
5774
9596
7446
6683
3021
2314
4955
5213
802
3739
4236
6020
8307
8437
4962
8128
3776
3567
4043
4380
4160
8178
7387
5991
9587
6274
8274
8455
2704
3202
6118
8479
510
3324
2874
3532
5638
7829
6697
4392
9520
693
8364
5540
7082
3086
1380
8811
6654
3375
903
8766
1313
6242
4517
660
2277
504
7068
4981
1658
2946
1172
2169
4222
4046
3653
7812
9827
110
1964
7060
8995
88
2360
3790
1127
3740
2361
5733
5067
3264
4259
6380
9507
6728
4993
9736
5184
10013
2429
6843
671
1554
6964
4893
3552
8569
2465
3140
6631
2381
10200
3338
421
272
7128
1548
1964
9489
7281
7031
466
9492
1123
7925
5981
6116
5373
925
5889
5754
5720
4512
7308
2444
9405
621
773
9822
1713
5356
1963
9865
8695
337
10137
5583
1885
1861
2785
7119
6844
1203
6371
7967
9128
64
1796
2213
990
5637
7967
6710
10150
5036
7107
7267
3609
5832
4802
3274
949
4717
2899
9644
5054
748
4987
4892
561
7772
1771
7405
8975
6094
3084
5815
6159
4880
8028
7149
278
3708
1571
8380
8744
8678
5407
65
4271
10209
3339
3172
4687
4190
2576
9741
4938
7563
2345
5499
3048
4116
2664
9975
8163
3700
3503
4082
8581
9483
9183
8859
2951
8706
6999
9647
7145
118
9712
9368
88
763
2300
2727
4953
2828
180
7843
8343
2526
3102
1151
4594
3718
9079
2517
7419
2342
6599
3712
9777
3494
2331
2489
1961
7282
1896
7058
5352
9561
4138
3392
84
4390
6119
2990
7218
4252
8785
3273
4730
1648
4425
9324
3318
1216
1602
8689
1510
6153
2161
1047
7600
2444
3536
7513
7678
5433
4331
2791
2706
6421
6183
742
571
15
1684
5741
4267
230
9014
8997
10070
1151
6033
3148
319
7635
1598
1829
1501
3759
2877
7053
4156
4365
4326
1594
7750
8657
4385
216
2790
329
959
1313
8536
2643
5006
2563
2873
1732
9512
2703
2884
5305
3804
3203
653
3354
2985
106
5065
3814
7159
9221
8179
1245
576
5690
7854
4961
3858
404
3242
2769
9909
1538
5413
4675
2053
6238
6407
1325
6894
7243
4583
8650
207
3188
1764
1144
3294
6829
4958
8405
5811
2897
7602
6387
6539
5216
9300
158
3572
2303
879
3241
3841
6292
5868
5895
243
2035
5172
5089
9279
7707
3499
7438
655
3215
8582
1901
10044
1252
66
3567
4149
7668
7906
8641
596
6967
6751
2120
9270
7630
3313
823
1635
9181
4670
10070
9169
7795
4919
8208
5262
6370
3358
3870
9585
1700
5771
7341
2952
5838
8861
5053
1218
6527
1406
10007
3254
8157
1887
236
3500
5201
9252
5135
2094
3682
4965
1023
9429
7836
7183
4452
1918
301
8322
9455
10193
1805
4508
857
7643
3129
5911
6814
9657
7317
6581
623
3187
6420
860
6687
9573
10112
9774
9620
1506
2451
403
696
47
7587
3100
1965
5840
9374
9372
5794
939
3640
6651
6535
6770
274
1061
4139
5544
5594
4762
8731
1774
5622
3130
9300
3446
2664
8680
2905
5115
7035
1553
3114
4382
4653
3031
8175
3787
2163
3729
2678
5803
140
9213
285
8607
8226
4424
3911
3580
9187
2402
5355
2521
5532
2367
3920
6148
807
6825
1023
7842
8378
2089
10177
743
5120
8112
2482
5235
9793
5160
798
7885
2086
9276
6252
72
3460
10163
3653
2407
277
6960
2881
3761
9327
6801
9909
8086
3386
8884
3640
9716
733
1529
219
3805
7593
2701
9040
7146
7861
7791
2744
7899
6827
8996
7972
47
6872
9577
407
7149
4249
3288
671
3336
10089
340
9374
1187
7177
2774
663
7910
4304
882
9668
1657
3583
8468
6756
9396
3971
9500
7056
558
8256
2740
8798
4888
2077
9205
9990
4278
2253
421
5566
54
8953
4700
1241
5890
5426
1904
1513
9730
738
941
9340
4321
7361
3808
1429
1093
3068
8485
1651
9276
9177
209
1877
9206
7366
1627
3244
7571
0
8810
7625
8953
3270
6818
4604
6649
6674
4069
4091
7412
5010
3191
9685
83
6999
875
1176
8019
7312
780
7056
4202
9181
8933
3168
6308
8512
6413
1591
8512
2935
9217
7225
4158
3747
9781
567
8374
3610
4658
5546
6572
5802
2944
6656
513
1771
5784
8533
7035
6564
5349
997
5506
1994
4166
9766
266
8531
9309
8778
1226
6238
5763
3336
9986
3257
3903
8120
6867
6514
1378
1152
2076
4322
7808
2589
4045
3352
882
841
7869
4183
1838
1087
6177
3956
8805
4395
2247
7874
2933
1426
3873
6649
4762
3619
9906
6618
9691
4485
2892
829
3589
2920
3104
1157
5509
7149
2462
4344
7990
91
6479
7781
9370
369
1497
7935
4764
1697
5569
5650
1075
9442
2059
3789
773
9917
167
224
2114
1011
9246
5704
3931
2110
4813
7393
7211
7275
1497
2914
5318
7976
455
4448
8345
10144
2143
822
1601
5665
6472
2676
4867
8531
4418
3593
6160
4585
3817
6226
3549
775
1690
7480
2885
4456
4633
10097
9683
4082
2771
4762
1819
1178
7162
8116
1082
7258
8938
2684
2683
5170
3312
5502
1413
5682
9095
5525
28
625
9704
3577
1400
9346
9009
4286
3562
1355
2095
3006
5437
2818
5720
7256
3996
2642
3085
3030
9900
9975
3666
2343
2858
4931
7846
2223
373
6701
5701
401
5278
5165
1930
6679
4271
8892
8917
7834
7
772
600
5444
1542
6320
413
3490
6914
1450
6520
6575
1185
10187
6870
4043
4878
4476
4219
5251
9130
9920
3605
4168
4845
3487
8799
9116
2139
7476
4662
98
8248
3214
5543
7742
7486
3908
992
4161
5358
7513
496
4495
7460
5318
6491
2098
9795
470
5301
6637
150
8906
8757
2947
106
7317
10015
2245
4553
4438
296
514
7652
5839
8256
4899
7699
9249
7012
769
6522
5460
5264
1694
538
1515
1744
8285
10177
7045
4682
87
3664
1152
986
3770
8469
762
3967
734
5200
4263
1248
564
8054
7457
3415
5513
4418
187
6282
8892
5647
9499
346
6186
774
42
4231
8904
7087
6866
6943
8703
8018
7930
2233
4199
8692
4153
4933
1604
8416
4134
2168
6231
1351
3536
9696
5769
3723
3691
2373
7323
2950
2719
1221
1676
713
3404
340
7800
30
7284
4216
6000
4974
4401
10199
1378
8554
2845
2982
6731
6979
3102
674
6282
6638
130
10003
8314
1773
2136
5397
4723
2807
6618
6400
3520
10022
4692
9272
8005
1736
3248
3765
4662
5602
1677
6040
3916
4522
6974
8599
9453
10077
7225
3447
4427
5308
3210
2501
7081
3298
5850
1565
6105
180
5917
7577
10203
369
6609
5920
2106
7810
7637
6768
3172
7266
521
5040
9740
7495
3400
8953
5284
8577
2160
9712
3645
3322
10165
487
6620
5776
4
437
5956
5921
8014
3871
6290
4384
7743
6348
10146
5141
829
3078
119
1350
8118
9860
8845
9470
6525
3890
7808
8686
3362
9405
9960
1239
9892
6341
4967
7848
4730
8876
3529
2505
2507
7772
4841
8203
1832
4747
1056
2661
5777
1175
4011
3655
795
2617
838
7321
6507
6598
3719
7821
5763
3439
7012
3368
7732
1740
976
175
376
2458
2680
835
8182
7521
9038
10014
10220
10094
2436
5757
9222
6447
9412
10017
7016
8202
5050
1235
4560
6721
7008
8276
8113
3781
1404
5605
5521
332
5780
5897
742
6412
4684
8924
1645
3483
8699
1625
1289
9087
7382
271
5294
4507
8241
23
421
1003
1258
4982
7725
8267
970
5598
1808
2374
9155
5281
658
2648
9130
1401
9060
3574
8277
466
5009
6736
43
6299
3535
5378
4522
8830
9885
475
6805
66
1479
8063
3000
9204
4042
3970
4562
5850
4296
3477
9083
2907
6125
7973
4308
2898
1308
2345
1316
4269
7034
1359
328
329
6737
2803
7111
4334
3278
3676
2353
2709
9692
5353
1673
3494
7276
4187
7297
9524
5617
6140
2191
9694
3874
6499
2352
3134
6797
3668
7403
1543
2980
5684
10064
7669
8487
6936
1764
9717
8564
4117
2187
8016
7422
1812
9463
2410
6000
6520
1695
1377
2420
3886
831
4246
8338
1136
7380
2847
2756
2496
4390
3688
8180
4214
1118
4379
9102
834
1808
7427
2903
3995
3155
8277
3760
2378
448
7712
6850
2143
9089
7223
3981
7872
1229
2079
6960
8610
4926
7669
866
7268
1117
6998
1243
2235
1137
8297
1021
2945
3436
3924
4893
6592
1962
6605
6922
2410
4077
1485
2505
878
8708
6486
6702
9937
6518
3423
6259
9396
852
5077
6425
10161
1835
5620
2157
924
3677
1130
1822
7114
5055
4667
1418
7017
1032
6292
7379
3061
7777
7836
3939
6245
4082
8593
3895
8552
1776
10154
7709
580
2944
3894
502
4779
9514
611
3656
903
1741
3430
8017
4748
8097
7387
9717
7081
3440
4808
8094
977
2404
1793
5175
4439
146
9070
2751
10115
6936
8412
8647
9880
2066
7101
2372
9532
5664
6028
196
5358
7410
6165
10106
3219
3313
7536
60
4705
2104
6106
5682
4509
7899
8809
8948
5997
5591
9651
3824
2288
7824
2232
1928
7842
7285
2252
7135
2710
6232
5283
8068
3402
9400
5886
6621
425
3182
4633
5130
5287
499
8765
9796
6350
7334
6456
60
2686
3819
3884
2926
1403
4068
2806
7198
1114
5059
4093
1776
1051
7328
9844
2406
6488
5490
9027
6914
6625
1373
1804
1672
1872
8521
9420
6175
5616
3588
6235
6254
7407
8071
9180
6763
1900
1746
1673
966
6805
5766
2742
5809
806
298
8215
5246
3740
4954
10112
125
6327
9869
9989
6152
8150
7121
2087
3526
469
6274
9780
5829
4105
6672
304
3957
8419
1977
2875
4984
5695
3569
553
4453
3867
6720
9699
5560
1435
9572
5685
7762
7153
3387
1626
5063
268
3713
6542
8930
7939
4034
4519
9997
467
2775
3714
8886
4752
4542
1582
8399
8111
88
2612
9931
6808
2071
5251
6195
9595
8888
3718
6508
2035
5344
1332
256
7010
5826
9186
2661
9860
1417
2418
87
4192
4085
6925
8944
8627
8508
7103
4450
8596
9715
4141
3116
9738
9392
9312
9094
8041
742
3314
8028
4038
2598
8284
9000
8424
5182
1422
8045
6599
1792
6084
551
5877
2770
7447
2216
1038
2262
6667
7586
9929
8760
8654
9428
7913
7726
6234
3666
6420
9548
9646
219
1907
5643
7171
8283
585
8593
6088
7185
146
1933
7736
3975
4703
4944
4144
3693
5158
571
1039
4848
9331
7645
4036
4956
3084
30
6574
9504
7530
3933
7675
7389
9576
4607
5433
8113
912
9473
5058
9250
1166
507
2986
3821
3403
7130
7514
8561
5653
6505
3169
2696
1863
7205
5605
4947
5187
10131
4211
430
3824
9839
5771
1112
2158
964
9226
3070
8390
4044
2081
9556
2503
3019
1090
5906
8101
6556
4228
1466
774
5349
2114
2637
267
7719
7584
3406
5563
9747
3836
7339
7298
9608
8452
9456
8524
7438
2287
6674
9434
2320
3943
9890
3291
2985
5556
9344
9541
7736
8762
8267
2846
636
8856
1065
6308
4152
4471
1631
3660
6260
6922
8910
3580
5134
8127
1864
284
8366
6491
7671
446
8386
7321
1689
1131
589
793
8624
8326
9555
6652
9124
8143
5268
10189
4211
9421
2372
3794
793
8632
477
9703
1972
3563
5542
3837
3848
3668
8280
9471
4114
6426
6552
3755
5509
7141
4548
3893
3179
1815
8497
15
9959
3526
8156
1882
659
289
5677
9644
8921
4106
9107
8846
7669
2362
395
1277
6030
8675
508
8097
2813
5012
1612
8322
10106
4113
10167
997
5928
8425
1013
3599
9903
7121
3434
322
7410
9111
9966
4044
929
6785
2650
8598
9147
3045
7828
4938
9672
6288
747
2245
1061
2359
8519
9119
4424
8446
10116
8305
6631
889
1664
6294
8011
5098
6616
3133
1921
4294
5129
2850
9032
7779
9401
5891
8776
6989
8781
8208
3037
9528
8405
2050
1648
6684
929
6072
4891
806
4137
1282
9887
3754
5529
5610
6804
10097
6696
6678
4152
1585
7480
896
9365
6641
6787
5853
1342
5329
1774
4380
4617
10179
4382
4217
4576
5312
8242
9467
6118
2139
8701
3717
3845
3990
9328
8602
1800
5784
5040
5952
7369
2280
4800
4446
6874
1347
8252
8216
6676
10026
308
1054
7917
4691
5271
2253
7955
3273
1480
1785
3365
8134
5502
5162
10076
2542
3524
1636
6278
8564
5540
1360
8797
100
5806
5431
1448
1770
1359
6076
1556
1668
7130
9474
4311
114
1487
10218
1339
920
1763
2656
7006
7265
7819
6842
7760
1103
6431
3798
7620
1731
5158
4129
10024
8917
9560
9424
447
8871
5260
2004
8491
2151
9430
514
217
8869
492
1556
9789
2255
2165
6555
7473
9984
1110
4993
9039
7541
6743
4371
9272
1662
8500
7008
8531
5772
6192
8978
2356
1213
8934
607
1316
6076
1122
1533
4706
1614
1041
4255
1822
3206
8763
7247
902
9873
2000
7894
7174
6695
10217
4158
6309
8478
927
4600
1962
5071
3339
4318
6284
10225
2878
7600
6062
4000
7085
528
3566
8127
2735
3340
9285
1258
347
8140
9083
299
3746
6017
6995
3723
8128
3064
10153
7007
7665
1876
1838
8956
4146
8123
6893
7024
3435
2715
8976
281
1195
255
6360
3931
3595
3357
3141
3943
1257
1985
2194
2955
8002
9189
6679
3842
10206
6592
609
5583
6420
2448
4299
327
8523
952
5303
1718
1620
4040
1999
2815
2247
8359
6746
5842
1477
9888
7737
686
9825
7884
3642
7587
6833
8273
9382
4751
4625
9991
94
8998
151
4393
7277
8674
3298
292
153
2870
2284
104
5685
4531
6416
144
8326
7893
7984
5823
6531
7569
1419
8125
2868
8253
6158
2010
2764
8736
9954
811
7494
10105
5204
2483
8540
6454
2775
6645
9324
5060
6749
2722
9591
2925
2866
7677
8770
8802
1213
3014
6131
2632
899
6951
8837
7058
8962
9554
3506
6628
125
8952
6493
3281
1195
2745
7688
1922
9390
4724
6982
5900
7446
4286
6777
8264
9915
5308
6826
9080
8322
669
9665
7173
7621
6214
1943
4295
5528
5449
683
3605
4161
5128
4839
3308
7874
239
3183
7024
4963
10165
636
2170
2163
7414
8386
10031
434
4973
8871
6708
3594
6248
1593
975
2223
3537
3222
5703
6938
1857
7261
9052
6986
1860
2120
4620
2099
5303
9596
5014
3181
8185
7184
3296
5359
5331
3087
3745
8256
9911
8405
1610
5919
9998
538
8142
3295
1712
3606
10234
3570
627
9046
8508
439
9118
840
490
2134
196
5504
3267
6333
401
6563
1452
3684
9651
3149
9892
9322
1314
1262
5001
1073
9992
856
4368
1465
2414
2314
2987
993
9312
1255
1432
8191
2095
10114
8277
243
5378
1304
6577
3731
7867
5981
7415
5230
9131
5019
2264
8397
6282
5218
9470
3986
6074
1551
3403
6440
1817
6390
7433
890
7645
6817
7033
7692
6691
5070
5888
10021
4326
177
1465
10145
4110
6832
5136
953
1612
7400
9351
5846
330
6533
9832
4356
8084
2996
556
7854
9386
7989
8744
4744
4566
3489
148
9209
8559
3988
6943
2645
4165
8408
2550
6228
2952
5638
7181
4564
751
6292
170
1081
538
10003
5438
6574
711
5994
4188
10097
1696
2692
2553
4214
4133
654
1136
2452
4642
6031
3049
6760
2151
3552
2748
5103
7142
9929
9668
7893
3934
9838
6927
2424
7553
77
8998
8264
4023
2947
6074
3671
3591
6579
7886
7725
7233
6974
8129
1636
2765
9131
8396
4916
2443
9096
10019
7537
6737
9447
3143
431
6998
10070
2855
4311
8099
9806
288
1882
2513
4314
3506
4056
653
1152
1541
7887
8126
7623
9523
651
6514
5631
5567
6909
2439
3298
4206
9176
2506
7349
7560
7456
5131
8367
9719
942
7933
10007
777
8398
4081
4283
2215
4735
3387
1708
334
1273
9331
7809
10116
5605
3200
3395
226
3591
6693
4433
2527
7151
9734
8039
4367
2578
6167
3847
1472
1812
3614
2249
10211
5648
6532
138
8335
9919
1846
8669
9144
938
6238
6972
4495
7390
127
4722
741
6821
7107
1220
1684
4553
9260
6052
5083
3139
9899
6556
4951
1225
8805
2874
4825
3050
3012
2920
681
4859
1349
7778
3749
7587
4510
6196
2689
4638
8870
3430
9411
5737
4651
855
8243
1623
4859
3086
4762
2470
9642
9713
1648
6160
2348
6473
7162
3312
7346
7843
8171
6647
5381
9872
3995
7844
5829
4636
2242
4459
8067
9605
8149
430
8412
6152
2053
3032
7190
6815
3454
4545
4240
5102
8657
4540
9528
5579
7853
6634
1134
3736
3041
4468
3369
4988
2072
7150
9625
2266
9561
5404
1631
7470
5834
7995
1334
5839
787
8525
2414
2194
782
4606
7296
9439
9147
6584
4778
4712
930
3864
6400
3972
8332
9769
6912
8356
4631
6297
382
3953
1461
10205
9375
5247
7961
470
846
6700
6947
1212
8894
7729
5819
5951
4880
2678
247
9658
5342
1178
1234
1502
3102
9567
9224
10014
7683
3615
4024
8066
5520
3437
5983
4656
8685
3704
3078
7483
165
10025
8696
7011
5466
2227
674
106
2857
922
7716
8199
52
8950
9701
3154
6229
6637
880
3673
8205
4904
9691
3485
8342
3386
6093
4739
7091
9171
1982
5208
6908
438
1979
86
617
2654
8384
3474
1528
3812
1433
1580
2523
9087
2686
6704
3436
3566
137
1401
8471
7780
2839
4525
927
8932
9264
5970
5816
1006
9130
436
9637
869
8715
8206
1475
6859
1441
955
432
826
2535
907
7865
3173
7611
1062
6740
5701
2463
2923
1193
3254
7448
72
10139
6472
3994
5715
5430
2884
4103
2779
1706
2578
746
3181
7390
2187
4137
5774
965
4624
6681
8831
7798
2004
9893
4298
7705
68
5173
6851
3323
2381
6923
1174
6805
678
6889
10187
3562
8944
2727
3220
9475
1425
6402
4577
1564
8491
111
2529
2875
4744
9312
8625
6748
8965
635
2166
6986
5808
9017
8261
8189
3652
9435
2706
2282
4036
2654
3797
692
3333
7017
10167
4758
3179
4504
6322
9622
4615
6803
2258
7311
5876
8835
3820
2553
9471
5986
9539
5039
2715
5512
941
4319
4707
3647
6602
6695
4253
159
7388
7586
7176
7315
2104
8308
9772
6378
7690
2099
894
7900
9411
6770
6496
2991
9323
5727
6929
6575
8718
7596
1847
9659
1675
4507
3067
8277
962
7320
6388
8350
4667
1277
3378
4723
9585
2910
9054
4987
5009
9948
600
2132
4430
5048
3075
1465
535
7956
8040
7205
5312
7840
6625
4940
2107
9692
2977
1021
4724
7318
7324
7343
8595
462
10019
7940
1324
8833
639
4285
6493
1239
6418
683
6287
9493
2148
4774
7210
8141
1740
2282
5741
8365
5174
5800
5769
6104
4773
253
3182
1857
5549
1537
271
5328
7429
1595
3921
6020
5881
8366
7260
2059
9049
1259
9504
9149
6034
6474
7050
5726
6709
503
1803
1643
4255
7572
7747
9029
5777
8881
8838
1086
178
9110
6414
5559
465
8287
1340
4298
6413
8600
6357
5222
7811
5622
2084
3605
10048
9134
7283
6517
7590
9086
6113
1605
4370
1572
8586
10148
214
7185
9186
8584
6055
5361
3904
4472
1360
5244
8771
7774
1556
2840
708
9367
6414
2792
685
6223
9879
7968
452
5181
4767
4517
4738
9137
6090
3085
6997
6304
30
5944
4648
4037
9257
6504
8509
377
1508
4992
6103
1016
7833
6812
8336
4007
7556
9021
10230
5147
4701
8635
8280
9468
2912
2779
6318
9002
5864
3075
3018
3846
9019
7667
7883
8036
3931
4104
6366
3392
9097
2229
4408
6690
6993
456
457
2262
9477
8640
5361
1891
7035
3402
9311
9947
6181
5389
8710
9997
8465
9680
3603
5196
7107
1246
945
8991
5350
7311
95
2159
9540
2455
8849
4246
2912
7259
6508
101
5659
1629
1992
2454
5031
9256
113
9164
4405
6775
8921
582
6216
2284
3731
1035
1482
4676
10026
4785
1747
8073
6944
9239
289
3506
1197
3201
525
7705
3302
6184
7287
3247
6590
2078
2263
4655
9195
4620
1191
7876
3155
5359
8113
6886
6394
9595
1322
4133
2092
1021
1966
6989
8212
207
255
9410
3408
780
4827
4663
4916
1874
7910
9458
1905
8125
3873
860
2505
3016
6688
3612
6327
4561
258
434
1869
9772
4567
3961
8745
4485
710
6718
4693
965
3840
8101
9937
6619
476
4613
8494
6338
1783
8351
4223
3609
7163
4681
4577
3611
8293
665
8173
8552
1099
10042
6036
3618
3763
4542
8103
2426
9212
508
3391
764
6562
1041
7383
7038
5654
3589
3137
5390
9892
7360
8999
6815
9993
1288
187
8047
10145
8360
4311
1004
6114
107
2574
9877
2601
438
15
9765
946
3407
289
5460
4448
5625
2259
8054
9214
5396
1156
6819
468
8107
3394
8414
9396
3581
6221
9301
9893
8484
8258
5767
6543
592
3357
9145
9222
3372
8670
8121
6779
6912
3341
9179
2297
5600
4946
9463
8948
6102
6042
7369
3970
9437
5543
3126
730
9716
139
384
5912
8397
6151
2215
8990
9508
9312
5924
2641
5695
3805
7372
2367
7147
4264
4664
459
9210
1839
9408
5072
5834
4489
9042
5031
7984
10120
3713
7460
20
4097
3132
6369
8201
3299
3071
7469
2372
8996
8062
8067
2561
5195
194
7660
7411
2810
8120
6381
2601
5240
1213
8435
9729
8208
1178
7473
6040
4892
2645
4012
8989
3729
8334
4902
7028
1165
2132
9400
10161
8146
7227
435
1053
5373
8095
8464
6135
3927
4605
8737
7119
3771
6932
6608
9931
8111
1793
5731
2763
2390
7696
9704
6119
5790
4367
860
6955
4451
20
4829
2357
5200
3216
1363
8525
9263
9827
4421
2951
4193
2918
10070
5916
9850
4391
5607
5673
4136
9290
6388
4479
6746
5853
8550
248
8172
9410
5156
2383
7383
9985
2692
295
2961
4055
8820
1984
1595
953
2887
3740
1823
670
9656
9626
3013
2975
5059
7149
2025
1208
1388
6724
5013
7891
4924
2945
7061
10080
3280
4204
9825
3924
2451
498
7980
1032
435
7527
10177
3322
1027
1761
3992
443
1147
7005
3418
6206
1867
3395
5366
1207
8071
139
9098
2756
1036
3872
2596
4316
6028
134
8241
8480
632
3933
7464
9259
1220
7401
2342
199
9162
4286
642
69
9244
2012
4228
9063
5407
9594
8222
3239
9734
5033
3947
530
8905
6543
2799
4693
4629
8992
2933
3214
637
157
2233
10049
5511
2527
8
4433
6814
650
2455
3770
614
6683
545
6021
3989
8767
7212
1435
3560
919
1966
177
5415
2717
4871
10044
1469
5756
3018
58
3866
3204
10107
9377
5731
10115
1522
257
8717
3977
4027
9331
8612
2524
3064
2362
9244
8229
1749
2564
9148
3715
2742
2275
4384
5565
32
3805
1081
1002
3863
4947
4206
3730
2036
9938
1557
3559
10195
34
5488
1935
7317
1813
4459
142
4175
1415
8371
3876
3980
5231
7592
4674
5459
9928
10239
5491
3494
9272
4445
7357
3980
8652
9040
3968
8350
357
7527
6257
8584
2776
8192
3613
4589
364
1707
6716
1779
10078
352
3711
3022
5896
6337
6433
5585
6336
9876
7031
3321
4081
4148
5253
2493
2948
9221
8795
3306
6509
2765
9842
7237
8909
3215
9778
9273
4923
4206
9005
2713
2510
428
3687
8407
6766
10120
1704
814
9756
8735
2087
1550
595
7340
1995
3544
6322
551
4802
2591
3316
2356
7780
1985
5571
7318
9211
8446
9476
5928
920
1746
4308
2559
8105
9026
2440
9809
7793
10148
6256
9880
9650
4804
6981
1406
8348
3063
10149
862
3606
1177
1170
9338
1114
6741
4368
85
2900
3604
3965
3820
5350
6226
6379
3216
5012
6771
737
2565
4632
4946
158
4042
9750
7139
3400
5810
8154
3309
6672
1520
4486
7842
618
5601
2295
2938
3638
5195
6542
5556
6967
1652
1542
1059
2820
4506
7830
1510
7072
174
6456
7230
2169
5966
2081
5569
1536
10235
8879
6160
9707
1077
1714
8277
6678
4009
975
8269
7157
7517
3585
3884
7121
5127
4943
9942
7585
486
1212
2369
8852
5620
7551
781
1346
9632
6351
834
9627
2942
6994
9094
4019
8708
7131
458
429
6058
6679
7586
3335
24
9423
217
3103
4126
8111
448
2564
7275
2818
1177
2655
129
1958
4001
7714
6261
4835
5053
9203
9781
3908
2983
8249
8991
1393
8678
4810
8072
3977
6097
6048
3160
6314
9151
5238
2137
7551
7803
9412
8321
6932
1827
8451
8890
3780
3877
2864
6567
8930
1827
6108
550
2762
2069
9542
2107
8700
2064
10179
2437
6113
3939
3549
140
2850
8787
2277
8354
4302
9642
6435
994
9421
2598
7837
2962
6475
461
7481
5166
240
1302
5716
3003
1323
2970
5110
10023
2986
3002
172
9100
6941
3721
9240
7744
221
1277
5858
4523
8871
2053
3470
8053
4652
1067
8967
887
1528
4160
6053
1768
5462
9722
2723
6786
2452
7834
4521
5439
8788
4694
4299
5489
6367
1251
2993
6588
480
8851
9064
9352
8857
2294
7165
3269
3361
5892
2108
2841
10052
6114
2561
3227
5596
5285
7965
6000
831
2246
1199
9619
6940
3450
4868
1020
4701
5814
7608
5182
2377
6432
2246
994
6678
9411
2215
10039
3015
2276
592
779
8390
3154
1958
1698
8439
9923
7698
7222
1930
6850
6601
6822
8252
9421
7842
666
2947
5211
3800
5325
9595
6046
6319
6034
5217
6487
3785
6184
8763
4378
4915
6913
7532
6874
6563
3683
6557
1973
665
8487
6775
5218
5070
4788
2351
2672
5454
5299
5835
7206
384
3143
3012
4655
9177
6181
902
674
2125
7617
5052
7040
2242
2344
3674
8805
3979
8184
8731
2596
6431
5266
7814
9453
10054
10166
10078
3220
3177
3625
186
3561
6768
1150
6168
3657
7331
5023
4332
7408
2400
9384
4209
4643
9681
5835
1160
3420
1731
9891
6017
6115
4918
1543
5328
2684
9661
3118
3857
2598
6744
1995
4111
3272
3146
40
6930
8429
5063
1022
5598
5415
8358
7759
8010
7799
1306
9171
9172
3038
6774
2901
9153
9644
4444
2193
2089
3866
5312
3898
4416
10008
5893
8528
992
6991
6520
7922
5181
9535
6896
539
4710
2967
6250
2481
526
7556
9604
9698
354
4090
2359
7459
3495
4756
7605
3536
6574
2677
7434
750
397
1039
7230
1389
8031
3510
7264
2972
2805
1872
1463
5468
4839
7713
5901
5366
2981
3217
2776
1288
7307
3088
8747
8754
7844
6112
2050
2130
6741
7436
2880
7138
6428
10111
6480
4219
1333
3504
5143
2091
3328
4558
7559
8168
10223
3220
1246
2964
4389
4022
4252
1456
5062
2760
10211
618
6824
10213
2748
1278
5362
5629
8416
1550
3452
2608
3721
2737
4064
8864
4828
7393
1134
99
5321
1117
1271
6567
4081
5660
8541
8334
7117
1316
9046
5040
1934
3582
2965
4683
4860
6279
72
989
7829
1476
3597
9502
4213
7662
8126
6994
4815
7212
7093
8088
8329
8365
2367
2171
1737
8860
8457
8854
10176
7263
1606
1871
605
2524
6554
3418
8803
4578
4407
6393
4006
8004
3607
6171
3378
1494
2925
6145
6658
7971
3993
4748
4048
4312
6919
5785
2933
5136
2352
821
111
1910
2692
8908
4434
7198
2086
2998
9728
6493
7343
3494
2210
710
9666
5588
156
303
1494
6815
8274
3439
1323
2082
7752
6194
5820
8637
9282
8172
9458
7345
10082
10103
6013
4277
7061
6052
5227
6550
257
2330
7996
2467
992
7422
8056
1149
7726
7502
5916
3712
8893
7239
3747
6405
1145
9567
2754
187
5451
10165
7532
5293
10028
1257
7522
4801
7309
2509
9303
7567
2791
7060
7986
1736
2194
3754
2885
9920
1016
6753
1345
9910
1704
5092
4027
2849
2371
4734
988
7822
4659
8520
2875
4447
7729
8350
9248
2751
8811
6264
8270
9555
3084
6016
1051
5278
9771
1888
2911
8739
8641
4256
6361
105
7300
149
906
9671
4883
1894
7253
7494
8366
8080
1701
5855
6190
8901
6558
4762
4925
4588
2029
8009
8557
3080
1000
8088
2920
3911
4539
1321
6119
661
9618
3179
9002
284
2610
1597
2178
9863
9091
304
7703
8744
4111
1606
7405
430
4320
43
5018
6349
6004
3335
9429
7004
9375
61
8867
1627
1382
4746
2288
8952
7925
9242
9236
295
8791
9366
8110
5594
9670
5574
4098
3541
5132
9455
3971
9452
9498
6942
5561
3215
8229
2702
10219
7365
2763
8847
6944
2097
3353
7184
809
9231
6186
10045
7478
2689
9171
5349
8283
6553
8875
93
8046
3767
9548
9970
2979
6759
6672
6492
7926
2613
9194
7905
7930
9909
4464
4634
1766
7818
1578
2575
4761
5716
332
1999
8405
7455
7348
6448
1720
3935
4493
9766
5654
1754
7448
8633
6465
3880
2837
4151
4446
1791
1816
2136
1460
6281
6771
1178
1811
6301
1705
4524
1778
10229
6523
10183
7444
1584
4344
7116
