2560
1383
966
617
115
593
255
586
1772
809
1741
1722
427
1010
2299
483
326
1660
706
2132
1016
2331
488
487
909
2422
1370
302
1123
1587
415
2249
922
1382
818
1549
2487
1073
2136
2211
1882
1829
1373
261
279
1624
1257
1118
724
2475
690
2253
2246
1691
180
596
1553
2062
1410
116
1601
1825
2365
2524
647
1136
2025
1086
2209
2113
737
2044
1895
62
2305
2174
1687
1514
1244
363
1430
2447
568
1116
1578
748
2224
1083
251
1074
1199
1852
340
1516
2328
1499
92
2306
26
254
1859
1275
250
1194
1338
507
1321
977
2022
517
1852
892
916
2421
2520
446
1121
2185
1529
1884
699
680
1689
1551
2197
1457
491
241
1715
1029
1007
1527
256
1257
673
2106
1765
2506
523
1739
464
328
71
1892
189
543
2339
1310
168
1308
635
1380
1989
276
883
2138
2245
1886
331
1401
355
1339
368
1124
548
1041
670
2313
1500
1194
2004
1964
2034
27
1296
2223
571
1587
1485
739
336
72
71
277
348
955
367
34
281
698
1435
1149
2037
2315
2273
538
1308
383
291
248
2089
2296
164
1563
2323
1973
1738
846
1000
664
2098
1848
1248
2169
77
1597
1076
444
2143
1870
1143
1530
459
1132
1285
684
1670
545
1579
2474
1306
1109
162
1982
624
437
1907
315
1284
348
1491
822
148
179
943
226
2288
2020
1182
1871
1330
2325
841
2301
1410
78
425
520
1136
2004
946
2442
1065
1108
2376
2202
2058
1724
2517
782
24
1960
2116
172
2139
499
910
1868
471
2093
1691
1801
2370
2533
2054
1220
563
2479
1741
1699
2436
639
2093
1453
1748
1910
1095
1246
1586
1564
2540
1610
964
2096
1782
1056
547
645
876
1019
178
7
772
2548
492
779
1209
1056
1210
902
707
1086
1541
753
492
1241
615
2099
439
2201
1104
419
1251
20
467
985
1588
1527
1630
2464
498
2320
424
1782
2309
916
1
1470
2484
1212
2372
632
250
1865
1385
742
1059
2000
282
1498
2153
1898
2430
844
2430
849
2341
1459
2376
1412
1875
314
1684
2299
49
1433
656
50
855
580
1262
1179
1724
1513
485
1061
207
1544
1013
1001
994
606
339
864
1962
722
2226
1744
2181
2042
1108
2008
309
232
1748
358
2178
356
408
473
1448
2183
1653
613
1648
90
1674
2367
2146
128
809
580
1246
1148
1957
649
1870
1623
2393
2003
1617
1453
1452
1926
1685
1152
236
1815
1508
1157
2289
396
780
1894
1521
380
1984
1148
187
1570
1788
996
102
474
97
2059
1123
2479
1122
1468
1923
180
361
1327
58
2559
431
295
1814
1939
1452
2055
287
184
1389
1809
564
1325
909
1263
335
137
2260
438
611
309
449
2247
228
1572
1155
103
2264
2029
1430
2322
2540
1861
569
2306
1752
2021
1802
2040
157
1143
1801
721
2469
150
1985
756
287
2197
1194
1410
2506
1644
1097
174
1168
205
278
872
186
2220
1146
166
2034
1716
2472
1738
1689
2226
1730
1847
810
971
520
1231
1633
457
1987
2432
606
1134
1795
552
730
332
1239
2410
1049
2029
1234
1235
2201
2380
1913
2187
2048
2338
1366
1690
2004
536
977
766
2020
2009
1997
1605
419
1937
1478
1025
1023
713
1578
1753
1557
769
1603
47
238
277
1794
391
609
1660
19
98
1438
1385
1788
1394
2433
717
2161
1893
678
2110
939
1097
1999
369
2123
462
1594
1653
167
591
2422
2282
1150
612
511
897
1515
1121
2557
1534
1731
1947
871
1471
781
1257
140
894
590
818
445
2041
1916
396
362
1991
859
1956
1084
1538
500
1458
1261
1650
22
1772
499
1537
845
496
1024
16
2443
2407
1999
1177
1104
2139
2071
2207
910
2516
2200
778
865
3
209
1724
2471
1805
1214
411
1215
2475
14
1749
1688
513
1238
485
1522
2262
502
1917
2110
453
534
1166
33
46
813
943
514
454
2233
1379
457
2442
1055
368
2199
2270
1292
854
137
1306
555
2337
2331
1793
263
1293
2008
765
651
2070
1218
1697
676
1763
2255
1490
658
210
1944
331
2101
353
725
1109
1233
364
1331
2525
1730
1468
1783
2285
1246
1555
1519
1509
800
967
226
1963
477
1956
1101
1665
1160
796
595
2330
1518
491
102
1572
1356
1339
121
30
1704
1452
507
874
360
243
1112
2118
2310
583
1067
550
1550
1293
2514
2539
1202
1567
1644
2362
315
192
84
1834
683
698
846
2040
2038
1479
22
1182
883
1041
8
1243
1284
1632
802
1034
2215
2381
2097
1205
1627
2051
1696
269
1058
781
583
1373
973
667
1159
2168
1366
2517
2160
844
1948
134
2538
271
1176
498
1515
412
2131
269
1959
1786
90
1496
944
2229
1499
80
2498
509
1373
521
2394
298
1189
1506
2467
507
1463
2067
1351
852
2202
1841
1635
1330
2339
590
2254
1910
1371
1653
1137
1974
1101
2081
1643
40
113
1582
1061
1487
55
896
1785
1244
2402
1692
1751
1817
1712
1054
621
1866
335
2257
1148
115
799
842
2537
123
2496
1114
2097
1549
1147
1692
2102
1261
1226
603
700
1282
2011
2485
2526
2365
2130
2230
1623
1794
1236
196
1100
1572
405
2248
2199
1205
530
2176
1840
978
1243
1377
2528
342
1021
2070
2115
2248
625
255
970
77
693
1448
2442
263
1630
2017
2057
307
166
1109
2391
571
1309
2030
2288
1839
2158
1568
770
1353
897
1250
1696
1919
1272
1251
1607
1897
2019
17
2486
152
1977
321
415
1048
2338
424
1355
456
2045
1186
1028
794
1168
1268
73
1278
277
1355
72
1174
45
2280
1045
1317
1483
92
1167
942
621
1093
1094
39
1414
2021
1599
1705
397
394
2161
2442
2092
1141
676
1212
2410
1262
442
639
57
514
1813
615
746
811
2444
2230
903
1051
612
2037
97
2219
28
1511
1680
1627
656
30
2021
770
2472
2065
1911
589
717
1761
2363
1671
352
2420
2186
118
987
884
929
872
554
2344
2435
1679
1821
2532
1338
1849
1996
970
916
604
1000
889
1374
1425
394
726
2526
1623
439
2329
735
792
141
873
910
1129
2269
2351
2513
264
2135
2388
2455
1397
313
1233
1198
2309
155
2115
353
1668
956
2240
533
1863
406
1011
1438
1357
780
125
101
921
1510
1523
2050
1220
1314
2515
1484
1402
2344
1379
239
609
564
1949
358
1231
2016
1223
339
413
903
1384
2276
1821
2395
1666
1131
1127
1792
1232
2049
742
708
2051
1962
2534
2007
1398
1376
2303
217
2127
352
1293
1517
1222
2525
973
397
816
1898
1301
153
2126
1074
500
1233
2205
1628
465
1390
1629
1719
2098
1120
1122
24
1079
2520
1401
822
690
1480
1686
1983
949
860
1948
1923
1258
717
1773
511
870
1340
1585
1370
13
1231
438
990
61
2067
149
111
1140
1783
135
2219
1744
2048
994
386
969
632
2369
2430
1493
2270
1793
703
427
1519
1214
1809
299
751
619
824
1982
1570
2326
2555
1589
2475
106
681
2211
754
853
1907
242
1847
2293
1723
2479
2102
1594
1924
2324
1339
579
703
298
1793
2512
1109
2545
1084
1933
2479
94
1699
2475
2195
2127
533
829
2290
1287
1682
1637
2042
969
1370
1205
1400
1424
751
1277
1189
43
1856
1892
341
1602
1845
1963
2099
881
1848
2018
1487
1500
2445
1122
1067
419
1951
1309
1706
1073
386
1188
2554
1756
346
1907
1132
1097
624
2321
1140
2480
2166
1994
2034
1963
1397
1573
284
1197
1032
1771
137
1429
845
1716
1848
749
465
995
1822
851
135
2329
559
481
1676
1692
2091
2300
1965
1183
172
1571
1129
2207
1486
478
1732
1770
1676
204
1493
1813
2146
2339
970
1434
528
1435
381
302
239
517
583
798
1510
2259
442
1553
2511
2408
177
124
1931
1306
283
858
1785
2015
580
901
172
26
154
2318
2365
1636
1192
845
512
2086
1659
751
43
2243
2061
2065
1942
456
1059
1894
304
1236
2530
187
494
253
1557
2279
220
90
1132
392
116
1799
150
433
875
1855
1278
1387
1381
377
90
1936
60
104
1441
2003
560
452
1849
1376
2200
1819
1563
135
24
1073
366
244
1163
2011
1149
1791
1250
1299
2224
2125
1106
942
1465
439
1831
2067
327
2404
2171
2281
2359
171
173
1648
1547
2374
1419
1063
461
1443
88
827
2199
1763
278
788
994
2040
40
658
1606
1658
2112
1023
2098
1895
530
2425
1739
142
2146
1538
825
272
1138
2373
86
2557
1388
547
1952
1476
1886
1592
679
117
2380
1673
2157
372
283
1715
2031
347
178
1569
194
1221
1946
1934
1363
2045
1424
2188
2317
3
2513
355
0
1341
1414
2465
257
740
1497
1448
1369
1829
1073
1479
154
1356
634
2185
2215
1325
1706
2410
2546
1092
2296
1349
1089
1672
1489
846
1675
1955
1713
2188
736
567
2093
1506
1820
1542
906
629
1323
1980
2108
1477
776
695
1102
944
2020
760
1306
2518
2365
1554
1819
894
666
748
2253
2342
143
1406
2482
1392
1974
2527
850
1234
1509
1756
2375
784
1176
1924
2262
2465
571
1316
1361
543
2077
107
501
1882
1661
2320
728
279
1020
421
573
1164
1828
495
508
1242
462
1870
2476
2483
1066
2291
1220
195
2167
1434
612
690
190
1973
1233
219
2080
1734
53
1693
1494
782
2484
2515
1203
498
1631
471
993
91
2225
1968
1961
93
2403
979
337
1575
1174
2504
449
1786
1147
1152
1711
2380
1371
1743
2067
1937
876
1513
159
801
1980
1874
1811
1051
298
756
1654
2523
164
1567
57
520
2547
394
2095
1673
850
497
1412
2509
1649
563
2330
972
2307
2349
349
1135
1302
1020
2448
723
335
1699
2286
1145
2456
1893
1620
572
900
1677
1604
887
23
1140
1
1386
1637
1925
1847
1238
2488
2129
2210
187
1918
0
1323
661
1020
1723
1896
1867
863
1622
452
1271
955
2073
1843
2368
1702
888
695
2238
2540
1208
1576
2129
573
863
807
1014
433
457
1201
303
969
476
964
2502
2200
812
1809
1015
387
214
2286
1854
239
2081
1662
2453
921
2358
2131
1413
1518
1659
982
44
475
2301
1570
1420
711
723
1723
1680
1200
640
1622
1352
1452
1384
2367
1839
1598
45
1134
1837
78
236
1730
1000
546
1814
2413
17
1425
1348
61
1900
1089
2143
760
2312
306
2484
1433
2018
1076
1007
810
2528
2391
1129
1808
1941
1686
894
1218
1765
1130
901
205
2189
667
570
2206
2092
1918
219
1945
960
2362
657
712
108
581
97
2127
2169
1617
889
2138
1448
2019
1898
830
1145
232
0
862
1874
1413
1067
1503
2080
2150
1661
2125
1508
1880
1510
420
2194
2167
1645
2303
701
2254
2382
310
1311
1223
400
200
1194
2298
1542
292
2530
1542
1154
1845
908
174
1300
428
2324
402
505
1784
2282
2527
2205
1917
2135
1802
2172
788
1496
2506
1610
760
1169
2011
1472
316
1749
454
608
2232
2508
1762
1517
1368
1936
257
1797
1700
659
254
925
894
222
1082
763
309
836
375
1097
284
833
659
1044
2514
110
2516
270
2372
922
878
2044
1383
81
1001
191
2529
1770
2500
1670
382
195
547
1276
929
2141
2039
1238
417
366
2335
701
1711
434
2258
1665
1057
166
1936
869
1601
254
353
936
847
1866
1639
817
1076
1580
439
1970
2287
986
686
1168
567
677
2406
1496
1555
133
2197
706
1079
2407
2372
2136
14
2260
957
1615
2514
1310
2551
802
1128
1630
2131
2205
1162
10
2127
1401
996
254
9
2075
1443
2415
1011
951
500
1160
1657
1580
1008
1981
1156
1534
1681
2114
589
2148
1376
1092
902
2505
162
473
102
1837
483
2229
1190
1991
435
1200
1506
1879
1567
469
782
2068
1629
2439
1088
589
2373
196
2123
2006
2310
664
1594
1639
1756
2496
1584
2431
409
2198
2220
1404
2379
850
835
255
2050
2341
86
1570
762
868
1078
344
1259
118
933
1584
314
1009
1031
577
2185
577
2216
1382
514
1752
1765
1435
1390
1425
792
1209
227
1627
1976
2278
1921
2062
1800
123
882
318
467
94
436
1913
1678
750
874
149
1327
499
727
1495
1881
1753
687
1598
1140
29
975
1932
1751
1203
1512
1167
1433
873
1182
673
1508
16
991
1976
110
1939
1841
1789
641
155
2450
1969
654
1129
1416
488
322
2104
2086
1975
2133
1014
1347
1324
2217
811
444
1090
1684
2138
1763
633
2154
706
561
2265
85
354
2006
726
509
1896
647
1675
466
2064
2163
1300
2120
2202
715
1693
1168
15
970
825
826
1926
2427
463
1504
1630
1608
1610
288
121
1315
373
475
761
1611
984
610
211
611
1588
2275
727
328
1835
881
1556
1480
2049
1571
402
314
349
280
181
1324
1784
2323
372
835
51
493
102
936
1480
1376
499
416
2498
710
1028
1526
937
1755
1854
724
76
850
2205
2125
373
559
391
1235
840
1084
2559
576
847
884
1923
1410
1889
2026
2346
810
1354
285
1738
1292
1508
206
258
2445
2473
64
610
501
1427
767
578
1800
1838
969
987
118
2053
1499
1207
852
335
570
2262
2224
548
0
986
1902
286
165
1146
2306
883
1404
2191
797
1981
753
1810
848
2032
2389
600
1311
1310
1588
1941
1316
527
588
2168
862
1671
2383
1038
2219
2383
2025
2074
621
142
1172
367
1537
529
511
2334
2510
1264
2097
798
737
1926
1398
0
1188
426
1941
2504
1465
482
65
279
2153
2448
1318
2324
223
1295
2350
845
1949
963
1724
926
1492
2235
1213
1442
940
750
2240
2189
628
1590
2189
1816
2017
2082
1761
1434
4
2338
1714
109
178
984
2434
401
2279
176
1758
2180
1139
923
546
583
598
1759
2025
2050
461
2217
2191
1089
1248
2332
346
1217
1855
59
603
1859
349
2317
1969
527
1253
2355
1440
1484
2531
639
1104
1111
2074
2163
2206
624
1362
1672
627
2336
1841
258
865
1041
31
1723
210
1886
2294
814
1697
595
1083
1618
1122
2337
1413
515
1773
1897
1154
318
960
1180
2481
606
1804
1795
2278
383
1571
2072
642
389
1065
1185
64
1276
1023
311
42
160
906
1125
2291
2029
1414
1144
496
628
481
1650
1458
1441
782
1379
2048
538
1126
2278
922
650
2302
1564
1039
808
701
1615
36
1724
1926
78
2396
273
1715
2127
254
1082
1224
750
2222
2217
352
1120
1611
1646
451
1099
2184
2089
1329
