160
103
6
137
115
113
95
106
12
9
141
122
107
50
59
3
6
60
66
52
56
91
8
7
109
22
90
142
3
147
95
9
122
102
18
109
87
113
56
131
122
69
93
101
119
24
137
158
84
75
50
13
6
91
20
116
113
142
130
116
1
65
125
124
7
16
105
126
129
33
97
124
135
62
65
94
87
74
124
43
150
47
88
156
138
108
144
123
91
114
79
92
20
76
88
59
92
66
26
94
99
155
90
74
58
27
41
17
102
37
92
92
116
21
120
126
1
105
89
124
59
40
89
111
117
17
11
81
115
69
47
87
96
137
33
26
5
106
43
139
144
8
71
132
29
63
99
30
8
28
155
100
69
116
83
58
5
126
11
121
35
