1600
1383
1286
1577
115
593
1535
586
492
1449
1421
762
427
690
59
163
326
1340
1026
1172
1336
411
168
167
1229
182
730
1262
1123
1267
735
329
602
422
1458
269
567
1393
856
611
1242
229
1373
1221
919
984
937
798
724
1515
370
13
326
91
180
1556
273
462
770
1396
1281
1505
125
284
327
1136
105
446
929
513
1057
124
295
382
1345
1214
1367
234
1564
43
150
1487
1208
476
1578
1388
1584
1403
251
754
1199
1532
660
876
1368
539
412
1026
986
894
1539
1595
570
234
378
1467
1001
1297
102
517
892
252
1556
501
280
1086
1441
265
889
1244
1019
40
729
1231
917
497
171
881
1075
709
1327
567
256
297
353
186
165
906
1483
1419
1424
328
71
932
829
1503
419
670
168
1308
315
740
1349
596
1523
218
645
1246
651
121
355
379
688
164
228
1041
350
393
1500
234
1364
1324
114
987
656
943
891
627
1165
1059
336
1032
1351
1237
28
1275
1007
674
921
58
795
829
437
1035
993
218
28
1343
611
1528
1129
376
804
1243
1363
1013
138
206
40
1304
818
1528
288
569
717
317
1396
124
543
270
183
890
1099
172
325
44
390
1505
939
554
986
469
482
1342
1264
1397
307
955
4
348
211
822
1428
499
943
546
368
740
222
911
1010
405
201
61
130
78
105
520
1136
1044
626
522
1065
1108
1416
282
458
124
1237
462
24
1000
836
1452
1499
179
1550
268
471
173
731
1481
130
933
1094
260
563
1199
781
99
196
959
173
813
468
1590
1095
926
1266
284
940
1290
1284
176
1142
736
1507
645
556
379
818
1287
1412
948
172
459
1209
736
1210
1542
387
1406
901
113
172
921
1255
819
1399
921
1104
739
611
340
467
1305
628
1527
350
1184
1458
720
424
822
69
596
1281
830
884
892
772
1272
250
1225
1385
422
99
1040
1242
1498
1513
298
190
524
190
209
1381
819
136
132
1555
1594
404
379
369
473
976
50
855
260
942
1179
1084
1193
805
421
1167
904
1013
361
354
926
659
544
1002
402
306
784
1221
442
468
728
1589
872
1108
358
898
36
408
153
1448
903
1333
933
48
90
1354
767
546
768
1129
900
1246
188
997
649
590
1303
1433
1363
1297
1453
492
1286
725
1152
1196
1175
1188
1157
1329
1036
460
614
1521
60
704
828
827
1250
1148
356
102
794
97
1099
1443
239
802
828
3
500
681
47
1338
959
751
935
534
339
492
1415
927
504
429
849
564
685
1229
943
335
777
1300
438
1571
949
1089
967
1188
292
195
743
344
429
790
82
940
1541
569
1026
1432
1061
842
760
1117
823
1161
81
1509
790
1025
1396
1567
277
234
1090
1226
1324
457
814
1168
205
1558
1512
186
300
1146
1126
1394
116
552
778
729
946
1090
247
170
651
1480
1231
993
457
1027
512
286
814
1155
1512
90
12
279
810
1369
1389
274
1555
1241
1420
633
587
1088
738
1366
1370
84
856
17
1406
1060
1049
1037
5
1059
17
518
1345
383
73
1258
473
1237
1089
1283
1007
878
1557
514
71
929
700
659
418
1438
425
188
1074
833
1357
881
293
358
1470
299
1417
1039
369
1163
1422
1594
373
1447
1231
1462
682
190
292
191
257
1515
1121
957
574
1091
347
551
831
1421
937
140
254
1230
498
125
1081
316
716
1002
1031
539
996
1404
1538
180
818
621
370
662
812
179
577
1485
1136
704
976
1483
807
1359
857
144
1499
1111
927
1550
1236
1560
1418
1505
963
849
444
1511
205
1534
91
575
555
14
789
1368
193
918
805
882
22
182
317
830
1093
1174
526
993
686
1453
943
1474
1414
313
1379
777
1162
1375
688
919
1310
332
1494
1417
346
235
737
91
1153
1543
973
728
125
1291
1110
1218
417
36
163
655
1490
658
530
1304
971
1461
33
85
789
273
1004
51
605
450
1468
503
685
606
595
239
549
1120
967
226
363
477
996
781
65
1160
1436
1555
1370
1518
811
742
932
396
379
121
670
1384
172
827
234
40
883
472
198
1030
263
747
550
1230
973
914
1259
1522
1247
1324
1082
635
832
404
554
43
698
1486
440
1078
1159
662
862
883
1041
648
923
324
672
1122
1354
935
1421
1457
565
347
771
1376
269
418
1101
903
1053
333
1307
1159
1528
406
597
1520
1484
1308
134
298
591
1176
498
1515
1052
1171
589
359
506
410
216
624
309
539
400
578
509
1053
1481
1114
938
1189
226
867
1147
823
787
1031
532
922
881
675
50
1379
590
654
950
731
1013
1457
694
781
481
1003
1320
433
1582
1381
1487
1015
896
825
604
1122
92
151
1497
432
734
1581
906
15
657
508
1395
799
1162
297
1083
576
154
177
909
187
732
182
621
266
1563
60
1282
411
885
286
1085
530
1590
983
514
276
516
1420
292
725
328
1239
1525
1490
1536
560
18
1243
737
928
982
1021
1110
1155
1288
625
1215
970
1037
53
808
522
583
350
1057
1097
627
1126
469
471
251
349
110
1328
239
1198
288
1410
393
577
290
1376
1599
952
931
1287
1577
99
657
566
152
1017
641
735
1368
98
1384
395
776
1405
866
1028
154
528
308
393
1278
597
1355
72
1174
45
1000
725
997
1483
412
527
1582
621
1093
134
39
134
421
959
1385
1357
1354
561
1162
172
1141
1316
252
1450
1262
1082
1599
1017
1154
1173
615
106
1451
1164
1590
263
91
1572
437
737
1259
28
871
80
987
656
990
741
770
552
465
311
269
717
161
1083
1351
1312
500
906
438
667
564
289
232
554
104
1475
79
541
612
1338
569
1036
970
1556
1244
360
249
414
465
714
726
286
983
439
1369
735
152
1421
1193
590
489
1309
431
273
264
535
148
1495
1077
313
1233
1198
1349
155
1155
993
68
956
960
533
1223
86
371
158
77
140
445
1381
1561
1190
1523
450
900
354
275
1164
442
424
1059
1519
289
244
669
38
1551
1376
583
19
733
1543
104
356
1181
475
66
811
167
512
592
129
102
68
131
1002
1574
407
118
416
383
1177
1487
672
973
557
262
925
333
397
496
618
341
153
526
1074
180
593
285
348
1105
430
29
759
498
160
162
24
119
280
441
502
1010
1480
726
383
1589
540
1308
323
938
1357
493
831
1510
1020
305
90
13
591
438
670
1021
467
1429
1071
180
1143
1095
299
1424
1088
354
386
969
632
769
510
1173
30
833
63
1387
879
894
849
299
751
939
1464
1342
930
86
315
949
1515
1386
681
611
434
533
1587
1522
887
373
443
1519
1142
954
644
724
1339
259
63
618
1153
912
469
305
1404
333
1199
734
419
1515
1235
1487
853
1469
50
1287
402
37
762
1289
410
1205
760
1104
111
957
229
1003
1216
292
21
322
1205
43
179
561
1528
1378
847
1500
845
482
1387
99
351
989
1386
753
1026
548
1594
1436
1306
307
492
1417
1264
721
820
880
566
394
754
1323
437
933
284
1517
712
1131
1417
1109
1165
756
1208
1069
145
995
222
1171
1095
1369
559
801
76
1052
171
1340
1325
543
172
291
489
927
1166
478
1412
1450
396
524
533
213
1186
99
970
794
1168
1115
1341
942
239
837
263
798
1190
339
1402
913
1231
1128
1457
1404
971
346
283
538
825
95
1540
1221
172
26
1434
1358
125
356
552
845
1472
1446
1339
111
683
3
461
1425
342
1416
739
1574
944
596
930
1467
494
1213
1557
1319
860
1050
492
1032
1076
1479
790
753
235
895
1598
107
741
1337
1370
976
1340
1384
801
83
1200
1092
1209
96
1240
539
1563
135
1304
1073
1006
564
523
1051
1149
1151
930
339
304
1165
786
302
825
1079
1191
147
7
484
1531
361
119
1131
1453
1328
1227
1094
1419
743
781
1123
1368
187
1239
1443
1238
788
994
120
680
1298
1286
1018
1152
63
498
295
210
505
779
142
866
898
825
272
178
453
1366
1597
748
547
672
516
286
312
359
1077
1100
1353
1197
1332
603
435
751
1307
498
1249
1154
261
1306
334
403
125
784
1228
397
963
1233
1315
960
381
1414
1185
897
100
1497
808
729
549
113
1479
1434
716
314
585
1575
365
1386
1130
626
1092
1016
1029
769
1352
209
1166
715
995
433
1228
1376
247
813
226
1500
262
586
629
363
700
508
197
1416
375
782
944
740
120
26
918
765
594
1499
1534
346
108
653
1062
1103
1086
242
432
1334
607
210
